0.023303157,0.020402054,0.023526758,0.011207965,0.03271401,0.226923448,0.077750834,0.189319555,0.121325627,0.044063393,0.034726772,0.035699793,0.038042945,0.025184109,0.130226664,0.057037916,0.040341072,0.101057692,0.105082451,0.313906515,0.04751962,0.047980557,0.354389352,0.043593067,0.124551007,0.103332865,0.165801621,0.147310755,0.191976309,0.208915045,0.245054241,0.048712218,0.045433913,0.142456224,0.147478731,0.0466557,0.07810755,0.144747712,0.144294908,0.095609702,0.117831485,0.037490519,0.0501948,0.04768973,0.039265758,0.038049362,0.033138347,0.020403906,0.033252161,0.022881144,0.025070554,0.007937924,0.006079197,0.006119213,0.015858789,0.020305248,0.142704376,0.200026802,0.136976702,0.080314222,0.050839604,0.053713551,0.141082063,0.094020582,0.024556188,0.029295995,0.012866405,0.018772514,0.02627355,0.022289293,0.053255504,0.006010681,0.005437436,0.007926125,0.080676175,0.087996108,0.162784561,0.149269115
0.004354902,0.014594729,0.01620358,0.002045902,0.002047041,0.00671275,0.011264165,0.025781369,0.008753424,0.025648092,0.025093055,0.020927202,0.020526165,0.017581685,0.005921988,0.007313117,0.005670037,0.00950806,0.0075538,0.019220398,0.003631785,0.002009926,0.024405773,0.024895163,0.038732606,0.071277895,0.031390061,0.091059194,0.087664941,0.137036461,0.127354313,0.005975147,0.007461287,0.005489586,0.008192512,0.005195114,0.005348714,0.005866403,0.006095701,0.005500354,0.006166043,0.018759761,0.025605115,0.031176997,0.020309721,0.023018171,0.004897092,0.005692218,0.003338834,0.005597327,0.004797423,0.002976985,0.002793507,0.003079088,0.002843325,0.004027983,0.002822252,0.041496354,0.026013308,0.015010838,0.002419794,0.01963307,0.022531055,0.024007135,0.012034916,0.005983276,0.003486191,0.003939115,0.005789969,0.004333726,0.002268061,0.002824702,0.002091675,0.002488826,0.00326775,0.016759567,0.038353788,0.029786127
0.018322548,0.017506632,0.019565277,0.003340096,0.01087655,0.052433337,0.037324022,0.071455739,0.036672869,0.029419077,0.027933874,0.027051884,0.025597753,0.020874336,0.038344305,0.024893187,0.018873139,0.033711168,0.03144349,0.060032599,0.020542181,0.025098081,0.051024168,0.03390375,0.064813797,0.086439971,0.131656647,0.122549878,0.135516801,0.169899117,0.18861583,0.022650062,0.020134067,0.023805239,0.032908783,0.017256782,0.020962925,0.026125874,0.028706974,0.022237158,0.018691522,0.030188373,0.034520117,0.038893305,0.028949577,0.028664482,0.01232601,0.011220411,0.011312295,0.010955969,0.011437876,0.004758242,0.004693201,0.004341257,0.005758392,0.006538648,0.041856535,0.078844449,0.061644904,0.03329359,0.028433659,0.029846148,0.067359479,0.058414911,0.014629739,0.013380397,0.007473879,0.009641132,0.014999064,0.010940194,0.015005907,0.004985676,0.00351264,0.004813205,0.026402453,0.039517924,0.078580903,0.068050607
0.01832858,0.017275893,0.019678449,0.002543929,0.005687963,0.028602523,0.031794016,0.045579169,0.028002708,0.028567786,0.027909566,0.026262491,0.024960821,0.020330242,0.03078195,0.01980477,0.014646886,0.023536677,0.020933884,0.048182902,0.015633337,0.023407456,0.030533044,0.03284427,0.058154961,0.084505641,0.135165281,0.118767947,0.130639274,0.171572693,0.192919862,0.018489795,0.01367444,0.013322185,0.026786955,0.01223536,0.012294693,0.007560913,0.015799319,0.009125134,0.008931558,0.029606348,0.033460381,0.039400738,0.029465264,0.028102254,0.011203365,0.009722067,0.008382963,0.009446605,0.010896916,0.00450091,0.004872492,0.004122512,0.005234761,0.005888355,0.036740624,0.079519354,0.048464446,0.028868576,0.034206693,0.028419326,0.070249055,0.060912375,0.013578387,0.012110288,0.00757349,0.008757192,0.01473102,0.010313203,0.008077399,0.005030975,0.003520431,0.004743153,0.023193654,0.032501365,0.063748568,0.067407518
0.003620612,0.001745785,0.001979037,0.00214214,0.009751076,0.060726055,0.018427471,0.048007883,0.032214354,0.003975527,0.001996466,0.004257442,0.004136225,0.001960966,0.031101968,0.014924971,0.011706384,0.025068913,0.026207267,0.061978355,0.014322137,0.009035718,0.071264163,0.004824121,0.02285844,0.007799387,0.027628357,0.015531759,0.02559805,0.018674251,0.031654641,0.014316009,0.013464244,0.030067444,0.031056291,0.012035563,0.018988863,0.03748743,0.031950652,0.023728283,0.025181596,0.005027182,0.006269868,0.004283905,0.004569278,0.003880808,0.006334356,0.00450571,0.006905152,0.00496266,0.005462845,0.001283922,0.000947537,0.000825523,0.002737099,0.003449532,0.037546591,0.033078118,0.031643561,0.018764134,0.018160468,0.009381754,0.031584927,0.024229263,0.002931613,0.005795275,0.002855037,0.004381406,0.006187979,0.005379219,0.014984009,0.000703854,0.000953282,0.001363367,0.023989949,0.019536619,0.035602651,0.027620881
0.197604179,0.09972135,0.101150451,0.641340768,0.896522929,1.158157357,0.49371612,0.671854825,0.878424712,0.135134315,0.071471142,0.157380607,0.161585463,0.093941493,0.811123526,0.599560464,0.620266912,0.743638217,0.83347196,1.032411653,0.697206219,0.360016307,1.396674681,0.142288704,0.352678616,0.090228938,0.209851589,0.126738264,0.188892076,0.109913761,0.167826002,0.632051659,0.668729478,1.263059925,0.943708285,0.697439578,0.905830792,1.434877498,1.112992703,1.067055572,1.347220173,0.166527094,0.181629387,0.110145041,0.157835746,0.135387352,0.513901616,0.401563731,0.610411207,0.452964031,0.477610139,0.269831155,0.201895673,0.190157489,0.475323467,0.527560466,0.897030566,0.419536419,0.513319983,0.563595995,0.638696126,0.314337195,0.468900992,0.414778741,0.200387263,0.433116799,0.382002085,0.454449312,0.412557706,0.491693213,0.998540703,0.141175271,0.271386164,0.283255596,0.908625733,0.4943736,0.45307001,0.405887361
0.283203125,0.29296875,0.283203125,0.27734375,0.130859375,0.392578125,0.259765625,0.1875,0.244140625,0.32421875,0.322265625,0.32421875,0.294921875,0.29296875,0.1953125,0.162109375,0.197265625,0.189453125,0.17578125,0.58203125,0.609375,0.083984375,0.1015625,0.107421875,0.107421875,0.107421875,0.08203125,0.087890625,0.0859375,0.099609375,0.087890625,0.19921875,0.16015625,0.16796875,0.16796875,0.1953125,0.326171875,0.333984375,0.279296875,0.26953125,0.326171875,0.078125,0.07421875,0.064453125,0.072265625,0.08203125,0.21484375,0.240234375,0.447265625,0.078125,0.12109375,0.068359375,0.109375,0.080078125,0.11328125,0.134765625,0.09765625,0.015625,0.025390625,0.015625,0.18359375,0.16015625,0.20703125,0.216796875,0.21875,0.404296875,0.41796875,0.33203125,0.326171875,0.333984375,0.427734375,0.04296875,0.0625,0.181640625,0.126953125,0.056640625,0.0390625,0.046875
0.0703125,0.25,0.244140625,0.009765625,0.001953125,0.0703125,0.056640625,0.009765625,0.064453125,0.287109375,0.28515625,0.2421875,0.244140625,0.255859375,0.02734375,0.037109375,0.046875,0.037109375,0.044921875,0.259765625,0.2890625,0.0234375,0.01171875,0.07421875,0.03515625,0.072265625,0.02734375,0.072265625,0.07421875,0.052734375,0.052734375,0.060546875,0.0625,0.05078125,0.044921875,0.001953125,0.0703125,0.052734375,0.064453125,0.015625,0.072265625,0.021484375,0.025390625,0.03125,0.025390625,0.048828125,0.005859375,0.0234375,0.015625,0.017578125,0.009765625,0.029296875,0.01953125,0.033203125,0.033203125,0.033203125,0.001953125,0.00390625,0.00390625,0.00390625,0.1328125,0.115234375,0.11328125,0.130859375,0.169921875,0.126953125,0.25390625,0.181640625,0.1171875,0.15625,0.052734375,0.01953125,0.021484375,0.072265625,0.029296875,0.0234375,0.0234375,0.01171875
0.251331676,0.267666903,0.260044643,0.136274858,0.035955256,0.23046875,0.173650568,0.078480114,0.11665483,0.304865057,0.303355824,0.284412202,0.267755682,0.274739583,0.088512074,0.099786932,0.112072173,0.106977983,0.116629464,0.423295455,0.450994318,0.066850142,0.062411222,0.09375,0.081587358,0.088262649,0.066850142,0.078213778,0.080450149,0.080166903,0.072916667,0.112571023,0.117276278,0.098679315,0.094460227,0.099237351,0.127840909,0.134410511,0.143043155,0.11328125,0.153738839,0.056019176,0.053533381,0.045572917,0.052911932,0.068080357,0.061789773,0.07199929,0.080729167,0.050071023,0.050502232,0.046697443,0.046963778,0.052269345,0.068448153,0.071149554,0.027166193,0.008256392,0.008370536,0.009410511,0.156427557,0.139914773,0.158017113,0.172052557,0.195591518,0.295632102,0.333895597,0.249255952,0.217595881,0.23828125,0.203391335,0.031693892,0.038352273,0.110795455,0.068004261,0.040550595,0.029918324,0.028366815
0.26171875,0.268554688,0.259765625,0.130859375,0.013671875,0.241210938,0.190429688,0.0703125,0.1015625,0.3046875,0.305664063,0.2890625,0.267578125,0.275390625,0.095703125,0.098632813,0.1171875,0.11328125,0.111328125,0.415039063,0.456054688,0.069335938,0.06640625,0.095703125,0.083984375,0.087890625,0.068359375,0.078125,0.080078125,0.080078125,0.07421875,0.10546875,0.115234375,0.095703125,0.095703125,0.1015625,0.104492188,0.115234375,0.125,0.103515625,0.1328125,0.0546875,0.056640625,0.044921875,0.051757813,0.0703125,0.04296875,0.055664063,0.046875,0.047851563,0.048828125,0.043945313,0.045898438,0.05078125,0.068359375,0.0625,0.008789063,0.0078125,0.0078125,0.009765625,0.154296875,0.139648438,0.158203125,0.171875,0.197265625,0.291015625,0.340820313,0.236328125,0.219726563,0.244140625,0.174804688,0.03125,0.038085938,0.10546875,0.051757813,0.041015625,0.028320313,0.02734375
0.042438671,0.010325774,0.00882773,0.077224469,0.040283463,0.083543059,0.058692591,0.054739414,0.054926739,0.009679852,0.009911235,0.020423713,0.013449632,0.011560344,0.0417569,0.03093985,0.040554872,0.038754045,0.034797118,0.083262492,0.074871593,0.015519218,0.02537615,0.008864692,0.016561103,0.008323591,0.011482803,0.004366375,0.004350651,0.009539367,0.009907819,0.039403024,0.028909752,0.032580438,0.031874717,0.046991307,0.069553315,0.07358615,0.066718318,0.069082327,0.076074514,0.011537323,0.013660698,0.009535038,0.011210278,0.0089777,0.055722513,0.053401165,0.104135331,0.020471645,0.027911829,0.011482443,0.016665474,0.01242815,0.022971537,0.030355681,0.029274601,0.003511066,0.004627829,0.004455293,0.015175705,0.010655945,0.026564688,0.023568189,0.013091558,0.054155259,0.043683505,0.044334114,0.0601772,0.048309748,0.110881446,0.005964819,0.010655945,0.028092053,0.032322309,0.007612297,0.005370421,0.007803194
0.197604179,0.09972135,0.101150451,0.641340768,0.896522929,1.158157357,0.49371612,0.671854825,0.878424712,0.135134315,0.071471142,0.157380607,0.161585463,0.093941493,0.811123526,0.599560464,0.620266912,0.743638217,0.83347196,1.032411653,0.697206219,0.360016307,1.396674681,0.142288704,0.352678616,0.090228938,0.209851589,0.126738264,0.188892076,0.109913761,0.167826002,0.632051659,0.668729478,1.263059925,0.943708285,0.697439578,0.905830792,1.434877498,1.112992703,1.067055572,1.347220173,0.166527094,0.181629387,0.110145041,0.157835746,0.135387352,0.513901616,0.401563731,0.610411207,0.452964031,0.477610139,0.269831155,0.201895673,0.190157489,0.475323467,0.527560466,0.897030566,0.419536419,0.513319983,0.563595995,0.638696126,0.314337195,0.468900992,0.414778741,0.200387263,0.433116799,0.382002085,0.454449312,0.412557706,0.491693213,0.998540703,0.141175271,0.271386164,0.283255596,0.908625733,0.4943736,0.45307001,0.405887361
0.000543037,0.000416244,0.000553508,0.000125618,0.001070206,0.051494251,0.006045192,0.035841894,0.014719908,0.001941583,0.001205949,0.001274475,0.001447266,0.000634239,0.016958984,0.003253324,0.001627402,0.010212657,0.011042322,0.0985373,0.002258114,0.002302134,0.125591813,0.001900356,0.015512953,0.010677681,0.027490178,0.021700458,0.036854903,0.043645496,0.060051581,0.00237288,0.00206424,0.020293776,0.021749976,0.002176754,0.006100789,0.0209519,0.02082102,0.009141215,0.013884259,0.001405539,0.002519518,0.00227431,0.0015418,0.001447754,0.00109815,0.000416319,0.001105706,0.000523547,0.000628533,6.30106E-05,3.69566E-05,3.74448E-05,0.000251501,0.000412303,0.020364539,0.040010721,0.018762617,0.006450374,0.002584665,0.002885146,0.019904148,0.00883987,0.000603006,0.000858255,0.000165544,0.000352407,0.000690299,0.000496813,0.002836149,3.61283E-05,2.95657E-05,6.28235E-05,0.006508645,0.007743315,0.026498813,0.022281269
1.89652E-05,0.000213006,0.000262556,4.18571E-06,4.19038E-06,4.5061E-05,0.000126881,0.000664679,7.66224E-05,0.000657825,0.000629661,0.000437948,0.000421323,0.000309116,3.50699E-05,5.34817E-05,3.21493E-05,9.04032E-05,5.70599E-05,0.000369424,1.31899E-05,4.0398E-06,0.000595642,0.000619769,0.001500215,0.005080538,0.000985336,0.008291777,0.007685142,0.018778992,0.016219121,3.57024E-05,5.56708E-05,3.01356E-05,6.71173E-05,2.69892E-05,2.86087E-05,3.44147E-05,3.71576E-05,3.02539E-05,3.80201E-05,0.000351929,0.000655622,0.000972005,0.000412485,0.000529836,2.39815E-05,3.24013E-05,1.11478E-05,3.13301E-05,2.30153E-05,8.86244E-06,7.80368E-06,9.48078E-06,8.0845E-06,1.62246E-05,7.96511E-06,0.001721947,0.000676692,0.000225325,5.8554E-06,0.000385457,0.000507648,0.000576343,0.000144839,3.57996E-05,1.21535E-05,1.55166E-05,3.35237E-05,1.87812E-05,5.1441E-06,7.97894E-06,4.3751E-06,6.19426E-06,1.06782E-05,0.000280883,0.001471013,0.000887213
0.000348229,0.000309391,0.00038653,1.55364E-05,0.000209061,0.006269288,0.001717219,0.007305918,0.002335493,0.000880568,0.000784106,0.000749067,0.000671576,0.0004394,0.002393648,0.0008323,0.000486709,0.001736327,0.001642808,0.007270624,0.000617781,0.000707847,0.007451202,0.001171628,0.004699586,0.007529802,0.018062102,0.015248743,0.018988861,0.029198586,0.036530233,0.000708658,0.000578426,0.001427691,0.002003641,0.000435753,0.000783631,0.002023991,0.001796323,0.00103193,0.00095329,0.000935462,0.001229163,0.001530167,0.000858007,0.000835996,0.000190231,0.000145276,0.000173379,0.000143542,0.000159247,2.42144E-05,2.28832E-05,1.94956E-05,4.03103E-05,5.40866E-05,0.003097637,0.007260874,0.004753727,0.001444552,0.001123285,0.000974809,0.005487402,0.003972675,0.000222214,0.000211094,6.36396E-05,0.000111234,0.000261522,0.000147246,0.000439492,2.53299E-05,1.32061E-05,2.49412E-05,0.001246447,0.001925171,0.007384891,0.005357469
0.000335985,0.000298456,0.000387241,6.47502E-06,3.23956E-05,0.000818131,0.001011244,0.002077467,0.000784707,0.000816143,0.000778994,0.000689718,0.000623199,0.000413319,0.000948765,0.000398424,0.000214531,0.000555205,0.000438227,0.002322587,0.000245382,0.000547921,0.000932567,0.001078746,0.003386511,0.007141203,0.018270325,0.014109353,0.01706662,0.029437201,0.037218073,0.000342056,0.000186991,0.000177481,0.000717733,0.000149704,0.000151686,5.71811E-05,0.000249618,8.38633E-05,7.97727E-05,0.00087834,0.001119754,0.001552418,0.000868251,0.000789737,0.000125596,9.45456E-05,7.02741E-05,8.92842E-05,0.000118743,2.0296E-05,2.37416E-05,1.69951E-05,2.74183E-05,3.46727E-05,0.001368813,0.006330992,0.002348802,0.000833783,0.001172607,0.000807774,0.00493493,0.003711936,0.000184373,0.00014666,5.738E-05,7.66884E-05,0.00021702,0.000106362,6.54175E-05,2.53217E-05,1.23939E-05,2.25074E-05,0.000605458,0.001056339,0.004064005,0.004543773
0.000102444,6.08617E-05,7.79894E-05,2.67191E-05,0.000324571,0.013032883,0.001676214,0.009695408,0.004166775,0.00027137,0.000118171,0.000240184,0.000234778,8.37692E-05,0.003900262,0.000913827,0.000567535,0.002640408,0.002684441,0.020707456,0.000753277,0.000534463,0.02656769,0.00033923,0.003683112,0.001363348,0.005856574,0.003800251,0.007479984,0.006485943,0.011856827,0.000747922,0.000685159,0.004385368,0.00460287,0.000547913,0.001415572,0.005152075,0.004524323,0.002164483,0.003009618,0.000297265,0.000471034,0.000338367,0.000277127,0.000236775,0.00023317,0.00011586,0.000247889,0.000130876,0.000154596,1.37893E-05,8.70831E-06,7.71118E-06,5.0868E-05,8.40353E-05,0.004618698,0.007823926,0.005113512,0.001827666,0.00094397,0.000656899,0.004678282,0.002791513,0.000103966,0.000189021,4.64326E-05,9.9606E-05,0.000189186,0.000133478,0.000795834,6.51506E-06,7.05155E-06,1.41842E-05,0.001838772,0.001976826,0.006907279,0.004771719
0.197604179,0.09972135,0.101150451,0.641340768,0.896522929,1.158157357,0.49371612,0.671854825,0.878424712,0.135134315,0.071471142,0.157380607,0.161585463,0.093941493,0.811123526,0.599560464,0.620266912,0.743638217,0.83347196,1.032411653,0.697206219,0.360016307,1.396674681,0.142288704,0.352678616,0.090228938,0.209851589,0.126738264,0.188892076,0.109913761,0.167826002,0.632051659,0.668729478,1.263059925,0.943708285,0.697439578,0.905830792,1.434877498,1.112992703,1.067055572,1.347220173,0.166527094,0.181629387,0.110145041,0.157835746,0.135387352,0.513901616,0.401563731,0.610411207,0.452964031,0.477610139,0.269831155,0.201895673,0.190157489,0.475323467,0.527560466,0.897030566,0.419536419,0.513319983,0.563595995,0.638696126,0.314337195,0.468900992,0.414778741,0.200387263,0.433116799,0.382002085,0.454449312,0.412557706,0.491693213,0.998540703,0.141175271,0.271386164,0.283255596,0.908625733,0.4943736,0.45307001,0.405887361
0.137157251,0.137000694,0.135242741,0.137381883,0.102211965,0.158958118,0.158406349,0.138007821,0.13721327,0.165603573,0.149047284,0.144609268,0.142647064,0.138275787,0.159651025,0.137326444,0.16049758,0.154254968,0.15949178,0.294015875,0.358159106,0.122037564,0.067844335,0.077753156,0.077821999,0.069256588,0.10003402,0.06268778,0.065211146,0.064145824,0.064564809,0.183164531,0.214764213,0.179689151,0.163679602,0.202088279,0.265091586,0.250791343,0.245561446,0.237256178,0.261424307,0.053889972,0.06259922,0.058460584,0.058625735,0.058000981,0.314067637,0.294701362,0.346468006,0.201717245,0.229102968,0.090351249,0.096675174,0.106915868,0.114390765,0.136550118,0.1137269,0.028833958,0.033611493,0.047816022,0.132684256,0.107114433,0.128673112,0.128125284,0.147103945,0.256562313,0.260388033,0.227561845,0.229323127,0.225284769,0.453429862,0.077238309,0.087353906,0.144501748,0.125655631,0.062497697,0.038354886,0.045729201
0.124464951,0.125439291,0.124622546,0.034615629,0.008090299,0.094003505,0.081139019,0.025832138,0.044381635,0.137178348,0.139414755,0.122076432,0.128162572,0.129659915,0.050550494,0.052721262,0.073589251,0.06359269,0.064738298,0.177851692,0.18912449,0.043472058,0.017745982,0.060439447,0.048154099,0.057201096,0.048465908,0.053864298,0.052302267,0.049481906,0.050128009,0.081618453,0.089471556,0.059509085,0.072855071,0.064220808,0.090867354,0.076187784,0.085309809,0.077819116,0.103502072,0.039755597,0.041862996,0.039641626,0.042721989,0.045763811,0.069916427,0.093602878,0.063274665,0.067678111,0.083424217,0.057193017,0.055530787,0.059727858,0.058911539,0.030112886,0.011033196,0.009706432,0.012542935,0.014041335,0.094814273,0.091912267,0.092249558,0.097934434,0.11879947,0.183544963,0.175838286,0.147325009,0.113784336,0.133736841,0.127712462,0.060214204,0.052368634,0.089611214,0.031491654,0.028638738,0.021933037,0.022193493
0.130668149,0.132885018,0.129725824,0.094391032,0.048849283,0.126441788,0.124716994,0.088376531,0.077444855,0.143117476,0.143404581,0.136422609,0.134799225,0.134222749,0.094629937,0.096676652,0.112438874,0.106537777,0.118187489,0.24012127,0.263153053,0.055933871,0.05206607,0.066444129,0.063564541,0.062316499,0.055747225,0.058539563,0.058764572,0.057270145,0.05647211,0.13610147,0.148886268,0.13488122,0.104239204,0.144428531,0.154000048,0.167788676,0.147028141,0.15611267,0.168289404,0.047708815,0.05042116,0.048364737,0.049261084,0.053813392,0.142839511,0.149569802,0.148004437,0.128747164,0.138907953,0.074642021,0.069227518,0.082636124,0.085974359,0.092270177,0.046293005,0.018179654,0.021190391,0.031799712,0.113502494,0.099431611,0.112559035,0.116455268,0.137823515,0.210653062,0.223529871,0.185995266,0.173615275,0.18429847,0.290256351,0.069577778,0.068856228,0.110118827,0.071423963,0.043994174,0.0306922,0.031951109
0.130433721,0.133701884,0.130194756,0.091190065,0.039817884,0.127684096,0.125235481,0.095309213,0.071600036,0.141219841,0.142397936,0.136304731,0.134775303,0.134555675,0.091361478,0.095857243,0.1091464,0.102852776,0.119286247,0.240754104,0.265160222,0.053906249,0.054643267,0.065342044,0.064472996,0.062179421,0.052935814,0.058754417,0.058689116,0.056727249,0.055896095,0.144413977,0.147366525,0.140262069,0.100121303,0.145208831,0.139212489,0.167638854,0.133692352,0.161629045,0.159263714,0.048475942,0.048638455,0.048855594,0.048752478,0.054084312,0.130342351,0.135230056,0.139122706,0.134478091,0.136289429,0.076268841,0.067345023,0.079874152,0.084573912,0.084053119,0.026753773,0.017535893,0.02159191,0.030709133,0.115260014,0.09885302,0.114289133,0.118526791,0.138553102,0.204138635,0.221432319,0.183504011,0.166382904,0.186597245,0.256185139,0.070109661,0.068640327,0.109546255,0.053591372,0.044015831,0.031135952,0.029938684
0.00342453,0.00308737,0.002612111,0.02654027,0.027451897,0.01777151,0.021247018,0.027355373,0.028631135,0.006097403,0.003340493,0.005257727,0.003447715,0.002305289,0.028825543,0.02161982,0.024423706,0.027774881,0.024319219,0.03165959,0.043851133,0.015135638,0.011419966,0.004075635,0.006770809,0.003150635,0.010544192,0.002345219,0.003528186,0.003506285,0.004403151,0.032868325,0.028542201,0.035720779,0.022570544,0.031670409,0.053842877,0.0614916,0.053897468,0.051173336,0.054076168,0.004659302,0.00549311,0.004362856,0.003881294,0.003049366,0.062130067,0.05150494,0.064292766,0.036812275,0.042467217,0.009633057,0.009130492,0.012333396,0.015168825,0.025213795,0.035210451,0.004654553,0.005267837,0.008850512,0.010876261,0.003737588,0.009769357,0.008204607,0.00703838,0.020512332,0.018541808,0.019641261,0.032269859,0.024634642,0.112532417,0.004909985,0.009986928,0.014325963,0.034529325,0.008311186,0.004934192,0.005843244
0.197604179,0.09972135,0.101150451,0.641340768,0.896522929,1.158157357,0.49371612,0.671854825,0.878424712,0.135134315,0.071471142,0.157380607,0.161585463,0.093941493,0.811123526,0.599560464,0.620266912,0.743638217,0.83347196,1.032411653,0.697206219,0.360016307,1.396674681,0.142288704,0.352678616,0.090228938,0.209851589,0.126738264,0.188892076,0.109913761,0.167826002,0.632051659,0.668729478,1.263059925,0.943708285,0.697439578,0.905830792,1.434877498,1.112992703,1.067055572,1.347220173,0.166527094,0.181629387,0.110145041,0.157835746,0.135387352,0.513901616,0.401563731,0.610411207,0.452964031,0.477610139,0.269831155,0.201895673,0.190157489,0.475323467,0.527560466,0.897030566,0.419536419,0.513319983,0.563595995,0.638696126,0.314337195,0.468900992,0.414778741,0.200387263,0.433116799,0.382002085,0.454449312,0.412557706,0.491693213,0.998540703,0.141175271,0.271386164,0.283255596,0.908625733,0.4943736,0.45307001,0.405887361
0.073311752,0.074401113,0.072681239,0.098895301,0.101607521,0.09505856,0.108592651,0.109035227,0.100619075,0.071311846,0.069987427,0.074655176,0.074676413,0.073400002,0.162398595,0.153568868,0.163364801,0.163945101,0.172771293,0.202508674,0.212383426,0.15624031,0.072362544,0.086227472,0.078941821,0.067668632,0.153159335,0.094162816,0.086324308,0.08957637,0.086758441,0.19491093,0.192836004,0.206471027,0.182181436,0.203415436,0.21312601,0.210197294,0.211573959,0.2074729,0.206391285,0.062452068,0.070275776,0.06480812,0.065600503,0.064473869,0.239351415,0.233403499,0.210316274,0.202825221,0.224348009,0.134717586,0.131526929,0.163385475,0.153358517,0.171172339,0.13985826,0.080076572,0.078034073,0.10224544,0.125174508,0.10403526,0.113542201,0.112089156,0.137501776,0.192106375,0.194117356,0.189478712,0.187910909,0.187925921,0.253894537,0.117152687,0.114675855,0.143999095,0.139968502,0.097714844,0.073990742,0.084923487
0.065103903,0.066140086,0.067783426,0.052564249,0.038246485,0.083709447,0.083291304,0.061909556,0.052129063,0.063770442,0.0646427,0.06492969,0.066327224,0.067854661,0.083444549,0.076339676,0.108168282,0.088132348,0.088976959,0.158455832,0.149950545,0.055527793,0.041000487,0.066044668,0.063642126,0.059492022,0.070556706,0.074029022,0.068033135,0.070297779,0.070415852,0.118464528,0.134883134,0.102342452,0.105057119,0.104916995,0.131284099,0.108510526,0.121607038,0.118535773,0.132131004,0.053347045,0.054376279,0.052261176,0.055828004,0.056345572,0.143517208,0.165178756,0.140500066,0.148026036,0.159676947,0.108056739,0.107917799,0.11641356,0.109455152,0.076470005,0.049313944,0.038517355,0.04894603,0.048973188,0.089663299,0.09011882,0.099037225,0.098953815,0.104225972,0.162297087,0.16927925,0.148823716,0.116402442,0.129290874,0.184571012,0.094751817,0.087655206,0.120022443,0.057667505,0.05235411,0.046923839,0.050891293
0.070123496,0.070470385,0.070729842,0.07830188,0.068301863,0.089931204,0.094867011,0.092366882,0.07411743,0.066603773,0.067552126,0.069499713,0.071218556,0.070603413,0.117803251,0.118766492,0.133993298,0.123382058,0.134079976,0.178864466,0.185324557,0.064487965,0.06136262,0.072092253,0.069543412,0.063296764,0.083283619,0.082467592,0.077977872,0.075407321,0.078214593,0.169793873,0.176944901,0.172592958,0.143666034,0.173140419,0.170848289,0.175198996,0.163908697,0.1705941,0.176795207,0.057360321,0.06002095,0.058811382,0.058771705,0.060321621,0.18384809,0.192194357,0.182398318,0.182090318,0.186754313,0.122370396,0.119856418,0.12943895,0.125994679,0.130286728,0.089326765,0.056400639,0.062752851,0.081675361,0.105747654,0.096650627,0.106340846,0.103772348,0.127488017,0.17862104,0.181525955,0.169154607,0.164480554,0.165045881,0.213250194,0.102915742,0.101349727,0.134202514,0.099656257,0.075840049,0.060641496,0.065492039
0.070419373,0.070467033,0.070704399,0.079119645,0.068439065,0.090272452,0.095476407,0.093409276,0.0693108,0.066393983,0.067935674,0.069341358,0.071222511,0.070675699,0.117494501,0.121951901,0.133257305,0.120114801,0.140833596,0.178412266,0.184072504,0.060371978,0.061842798,0.070780974,0.069388995,0.063688419,0.079549897,0.080771392,0.077913511,0.074636571,0.076737951,0.178447584,0.18074158,0.179007708,0.143518803,0.174910676,0.1742708,0.197833672,0.143993761,0.178087077,0.193715584,0.057898634,0.059255592,0.058670278,0.058221477,0.059414058,0.183353662,0.18876522,0.182709969,0.186521896,0.185801663,0.121649733,0.120488522,0.126553305,0.124372996,0.126272243,0.075332743,0.056560737,0.062870332,0.081436601,0.098265908,0.09692983,0.106341939,0.103472378,0.131187973,0.180455078,0.182614878,0.166038947,0.164272158,0.168755869,0.211197447,0.103394937,0.100825554,0.135261274,0.092529683,0.079172381,0.061857019,0.062132119
0.001797446,0.001979485,0.001476074,0.012410224,0.014808565,0.003509399,0.006969806,0.009012642,0.014883637,0.00166314,0.001515122,0.002607686,0.001806259,0.001635524,0.02028322,0.0158423,0.017661022,0.02208906,0.025352093,0.011618871,0.015599945,0.020635547,0.006140179,0.005423296,0.004769987,0.001957531,0.016187815,0.005571439,0.004542383,0.004232063,0.004511869,0.021935797,0.014256912,0.02671592,0.022560706,0.02427222,0.031519994,0.035474216,0.03416687,0.032342738,0.027186702,0.002855025,0.004000222,0.0031303,0.002382885,0.002154715,0.024043466,0.018308806,0.018026255,0.016254747,0.016339103,0.008289946,0.005565679,0.010626782,0.009991468,0.020264548,0.033712099,0.009223888,0.007928406,0.014123388,0.013816511,0.003672069,0.003929395,0.0029987,0.009376528,0.008070532,0.006657008,0.012539312,0.017325044,0.016624794,0.022257972,0.005276336,0.007474905,0.006620346,0.031413393,0.012551305,0.007486062,0.008264247
0.197604179,0.09972135,0.101150451,0.641340768,0.896522929,1.158157357,0.49371612,0.671854825,0.878424712,0.135134315,0.071471142,0.157380607,0.161585463,0.093941493,0.811123526,0.599560464,0.620266912,0.743638217,0.83347196,1.032411653,0.697206219,0.360016307,1.396674681,0.142288704,0.352678616,0.090228938,0.209851589,0.126738264,0.188892076,0.109913761,0.167826002,0.632051659,0.668729478,1.263059925,0.943708285,0.697439578,0.905830792,1.434877498,1.112992703,1.067055572,1.347220173,0.166527094,0.181629387,0.110145041,0.157835746,0.135387352,0.513901616,0.401563731,0.610411207,0.452964031,0.477610139,0.269831155,0.201895673,0.190157489,0.475323467,0.527560466,0.897030566,0.419536419,0.513319983,0.563595995,0.638696126,0.314337195,0.468900992,0.414778741,0.200387263,0.433116799,0.382002085,0.454449312,0.412557706,0.491693213,0.998540703,0.141175271,0.271386164,0.283255596,0.908625733,0.4943736,0.45307001,0.405887361
0.296187683,0.2971652,0.295210166,0.362658847,0.353861193,0.365591398,0.372434018,0.370478983,0.366568915,0.367546432,0.296187683,0.30400782,0.301075269,0.299120235,0.639296188,0.679374389,0.714565005,0.642228739,0.712609971,0.759530792,0.785923754,0.630498534,0.331378299,0.443792766,0.393939394,0.321603128,0.77028348,0.52688172,0.505376344,0.483870968,0.490713587,0.736070381,0.724340176,0.710654936,0.697947214,0.708699902,0.730205279,0.720430108,0.720430108,0.72629521,0.734115347,0.278592375,0.291300098,0.278592375,0.285434995,0.278592375,0.83773216,0.81427175,0.782991202,0.64516129,0.7028348,0.65200391,0.632453568,0.68914956,0.647116325,0.65884653,0.578690127,0.448680352,0.434017595,0.513196481,0.588465298,0.52688172,0.550342131,0.561094819,0.606060606,0.750733138,0.749755621,0.742913001,0.73998045,0.734115347,0.767350929,0.47311828,0.521994135,0.608993157,0.588465298,0.501466276,0.42913001,0.470185728
0.286412512,0.285434995,0.285434995,0.26001955,0.208211144,0.319648094,0.321603128,0.277614858,0.260997067,0.284457478,0.285434995,0.283479961,0.292277615,0.288367546,0.406647116,0.39198436,0.491691105,0.449657869,0.478983382,0.670576735,0.683284457,0.250244379,0.195503421,0.313782991,0.292277615,0.279569892,0.434017595,0.451612903,0.426197458,0.436950147,0.416422287,0.560117302,0.603128055,0.529814272,0.532746823,0.542521994,0.571847507,0.497556207,0.531769306,0.518084066,0.531769306,0.238514174,0.238514174,0.235581623,0.248289345,0.249266862,0.599217986,0.622678397,0.598240469,0.600195503,0.619745846,0.552297165,0.546432063,0.549364614,0.552297165,0.451612903,0.279569892,0.177908113,0.271749756,0.28054741,0.465298143,0.464320626,0.511241447,0.485826002,0.52688172,0.691104594,0.707722385,0.673509286,0.620723363,0.618768328,0.692082111,0.42913001,0.446725318,0.553274682,0.330400782,0.296187683,0.258064516,0.284457478
0.290855772,0.291922154,0.290136387,0.323647027,0.299164667,0.353461299,0.357904559,0.339553897,0.308939838,0.294854705,0.289567227,0.29213797,0.29680974,0.293953358,0.547631743,0.558251133,0.591863334,0.562872123,0.595307918,0.71207678,0.730249711,0.29338843,0.282146983,0.352604385,0.3293344,0.298003072,0.486892384,0.485692704,0.473630312,0.456145028,0.45854862,0.668977162,0.670443437,0.661918726,0.617790811,0.659637853,0.655691816,0.652270506,0.634268957,0.653781214,0.663547922,0.256864836,0.26086377,0.257785226,0.260108416,0.26686217,0.654492135,0.66004621,0.643020062,0.633031192,0.636503282,0.587043455,0.589398383,0.595773402,0.58473296,0.585905134,0.440193726,0.320758909,0.361820975,0.43872745,0.525548743,0.501644006,0.527812689,0.528836755,0.58157613,0.714209544,0.722251844,0.709584322,0.692837466,0.694968114,0.741046832,0.451879499,0.476672887,0.574691193,0.481027282,0.421216776,0.350928641,0.381138575
0.291300098,0.292766373,0.289345064,0.325513196,0.296187683,0.35483871,0.360703812,0.351906158,0.298142717,0.291788856,0.288367546,0.292277615,0.2971652,0.293255132,0.568426197,0.567937439,0.595307918,0.569403715,0.601173021,0.707722385,0.723851417,0.279569892,0.286901271,0.332355816,0.327956989,0.2971652,0.471163245,0.483870968,0.478005865,0.453567937,0.455522972,0.672531769,0.667644184,0.673509286,0.623167155,0.663734115,0.669110459,0.692082111,0.598240469,0.67888563,0.692082111,0.254643206,0.26001955,0.258064516,0.259042033,0.269794721,0.634897361,0.641251222,0.639296188,0.635386119,0.632453568,0.58797654,0.590420332,0.592375367,0.580156403,0.581622678,0.418377322,0.323069404,0.370478983,0.448680352,0.512218964,0.499511241,0.527859238,0.532746823,0.587487781,0.711143695,0.717008798,0.711632454,0.692082111,0.701857283,0.744868035,0.451124145,0.474095797,0.571847507,0.482404692,0.436950147,0.362658847,0.369501466
0.002331396,0.003284522,0.003131399,0.027240348,0.030567618,0.009281679,0.01290596,0.024900972,0.032353808,0.016672588,0.002985325,0.004731483,0.00251573,0.002784515,0.063292813,0.052957107,0.050243446,0.056831972,0.065925539,0.023651119,0.029324702,0.076256655,0.029312392,0.04194009,0.029534098,0.008595959,0.065715874,0.020320213,0.021084976,0.014550754,0.020104333,0.042739648,0.028864624,0.04529849,0.045044648,0.042244823,0.05352631,0.071827591,0.06308984,0.064148787,0.055707,0.012698523,0.010982117,0.010234295,0.009797995,0.007672108,0.059462897,0.047639659,0.034548861,0.011607996,0.017222858,0.024572042,0.020463427,0.028637446,0.025048712,0.042080353,0.10776038,0.060284093,0.048351326,0.062369981,0.045372306,0.016027183,0.011551573,0.016701095,0.018966039,0.013633758,0.011093421,0.019150118,0.026743083,0.0272944,0.019367739,0.01424942,0.018234211,0.014824502,0.088242967,0.060271603,0.047679822,0.043360244
0.197604179,0.09972135,0.101150451,0.641340768,0.896522929,1.158157357,0.49371612,0.671854825,0.878424712,0.135134315,0.071471142,0.157380607,0.161585463,0.093941493,0.811123526,0.599560464,0.620266912,0.743638217,0.83347196,1.032411653,0.697206219,0.360016307,1.396674681,0.142288704,0.352678616,0.090228938,0.209851589,0.126738264,0.188892076,0.109913761,0.167826002,0.632051659,0.668729478,1.263059925,0.943708285,0.697439578,0.905830792,1.434877498,1.112992703,1.067055572,1.347220173,0.166527094,0.181629387,0.110145041,0.157835746,0.135387352,0.513901616,0.401563731,0.610411207,0.452964031,0.477610139,0.269831155,0.201895673,0.190157489,0.475323467,0.527560466,0.897030566,0.419536419,0.513319983,0.563595995,0.638696126,0.314337195,0.468900992,0.414778741,0.200387263,0.433116799,0.382002085,0.454449312,0.412557706,0.491693213,0.998540703,0.141175271,0.271386164,0.283255596,0.908625733,0.4943736,0.45307001,0.405887361
117.080175,112.5058616,120.5688967,79.17410093,48.44124779,311.4805116,208.6857061,199.1746969,278.1345342,147.7790206,129.990052,155.1131754,147.2607921,125.5889402,231.4375358,169.6377691,145.0350337,239.6644679,212.2090504,423.3650341,218.5153144,122.5989339,134.3491221,156.5703551,192.9159725,205.4334689,187.1576184,189.9174532,203.1051922,216.0754337,223.0239694,173.3587247,217.9389474,227.0578532,248.9676872,175.8055448,229.4881086,288.0978788,254.6554239,246.8879368,247.0981405,123.0278171,133.4129426,140.4590744,119.7838422,126.5211705,75.69974652,62.2275893,124.9953062,26.84786837,31.2700827,28.62458162,27.02619646,40.22989588,104.3615268,68.51449508,65.02041322,72.59812143,63.31382068,63.43447371,189.1517635,177.4469372,272.5179859,247.193359,139.4480272,158.7505662,99.70132668,106.7590199,125.0726751,120.3930251,211.7111246,24.66439851,19.92580808,52.23255136,129.0269182,129.8694593,134.7830766,126.8951711
31.12560443,94.59100068,100.9073173,2.978914,3.936521692,32.99348858,76.78779713,82.63400739,53.74550842,119.6775721,120.02332,105.9873821,115.5803764,107.7059768,47.12738074,48.69382173,46.11691443,59.64464287,50.26889147,145.5958128,32.34934291,8.108428637,103.802263,122.877854,156.1540243,189.5340867,116.6296184,169.723095,170.5572326,192.9680937,206.0252695,29.5940556,37.01011811,23.46466109,37.37170676,12.31534855,19.65014075,24.7740035,27.94346315,12.57155965,22.26609275,74.15055951,108.1699118,109.0826253,102.0860693,104.9318251,13.35074083,13.04496528,10.22288849,12.65509679,13.27894811,16.85225826,13.84896556,15.53044242,15.43942932,19.48600896,10.96875158,51.84313151,44.65094665,26.39162778,16.0164486,118.2145114,120.8491568,142.5087371,98.72492758,52.37353672,22.46005328,30.91242234,38.83518278,31.48422783,10.21801851,10.97436067,8.529225084,18.07102296,22.70556586,77.98178211,93.93768336,83.85209052
104.5768888,103.994854,110.9304444,20.32496202,14.46799756,154.6733012,150.6291004,150.0333468,134.0946459,126.7007237,125.036146,125.421065,127.9622056,114.7562068,114.9983918,107.0231157,89.77208917,126.0777941,128.693369,236.7794168,129.2715873,101.4272542,118.7737829,137.790449,174.367296,198.8749711,177.5523486,180.0730544,187.4005314,202.2281297,214.2855187,101.3032529,101.6226783,88.25124381,114.1270523,86.39962264,95.86769265,88.34807824,112.149838,91.27212486,79.6984644,109.9643384,116.3829639,119.8323154,108.0018994,115.0523961,27.10245727,22.098863,23.64935205,17.70024435,18.74004043,21.73093441,20.48510507,21.45075463,31.24398659,34.89003376,33.71178963,62.27395572,54.9735831,37.38169596,127.1243116,142.8401745,211.8600981,200.1914432,110.0444111,94.18164542,63.65439358,65.71490595,86.19395281,74.9735521,81.39147514,19.5067204,14.4810255,30.92052114,71.67316714,100.0482386,112.7724094,105.1600737
106.8271677,104.2392692,109.7655563,15.06126305,10.71548418,141.5709866,150.3514962,151.4536181,113.3568175,124.876461,124.4436742,121.8654983,126.0341683,113.994986,103.6881503,101.1725415,87.82478812,119.1641985,129.9020211,234.871202,128.2119876,104.6921758,117.4029354,135.9746151,173.0809378,198.9860914,180.3249364,180.6894494,187.0924566,199.3071302,215.4759492,102.9295033,77.37207317,66.97552452,118.723777,75.72033899,78.1615555,54.96672009,98.45279643,61.91120778,55.02339793,110.6455708,114.7249044,119.344757,107.9011473,115.2948271,20.50535069,20.33623983,18.32243309,18.03362829,18.15350783,21.24731483,20.13683883,20.18281439,24.0932441,29.01509844,39.29541885,62.2148126,55.50564716,34.88180805,158.8873087,140.0213712,227.5168376,217.1462768,105.8141146,91.09770796,63.9127618,66.17676522,88.44471944,65.43426475,61.15720814,19.75929265,14.22988041,29.08848517,72.21643402,94.73661907,110.7350161,106.9372386
16.89981657,4.909287596,5.198764912,18.47660779,12.17296599,87.60753013,36.61301841,28.22904919,68.98664512,6.100312992,3.172725092,12.13327135,7.973051513,4.446221635,50.27343201,32.9062606,25.44269359,43.09541377,52.82437793,61.59927873,55.95216571,21.70978169,8.33531363,8.872504796,11.78763341,5.701100846,14.14545274,5.552602973,7.299684244,8.015118148,4.524433658,46.0984582,55.74867251,54.03965358,55.64021585,56.20392237,63.65662771,76.49515706,59.35821638,68.69430326,57.14594842,9.117517708,6.874019851,6.267243195,4.004082689,5.142257564,16.40656189,10.80747499,24.12043191,3.772165972,4.333622907,3.409360757,3.194932387,5.007047525,19.44494647,13.64530353,16.37444662,5.560430436,5.609569018,10.06161516,62.84067868,20.15603339,47.98337256,37.1186906,10.36435486,30.48465525,22.30337402,22.71228267,27.68841637,29.20271826,64.37138703,2.668177721,3.610189349,7.916478911,37.51592137,16.61303923,10.5153616,10.29751596
0.197604179,0.09972135,0.101150451,0.641340768,0.896522929,1.158157357,0.49371612,0.671854825,0.878424712,0.135134315,0.071471142,0.157380607,0.161585463,0.093941493,0.811123526,0.599560464,0.620266912,0.743638217,0.83347196,1.032411653,0.697206219,0.360016307,1.396674681,0.142288704,0.352678616,0.090228938,0.209851589,0.126738264,0.188892076,0.109913761,0.167826002,0.632051659,0.668729478,1.263059925,0.943708285,0.697439578,0.905830792,1.434877498,1.112992703,1.067055572,1.347220173,0.166527094,0.181629387,0.110145041,0.157835746,0.135387352,0.513901616,0.401563731,0.610411207,0.452964031,0.477610139,0.269831155,0.201895673,0.190157489,0.475323467,0.527560466,0.897030566,0.419536419,0.513319983,0.563595995,0.638696126,0.314337195,0.468900992,0.414778741,0.200387263,0.433116799,0.382002085,0.454449312,0.412557706,0.491693213,0.998540703,0.141175271,0.271386164,0.283255596,0.908625733,0.4943736,0.45307001,0.405887361
35.31881548,36.44634879,39.06938569,44.38124476,32.64555663,111.8887294,79.4578019,89.05678611,90.25049979,37.73772776,35.908579,53.21344099,40.69528946,36.37271427,100.0165416,88.43356134,71.2340714,95.17591575,103.8279197,54.19847655,33.39468578,80.99771905,91.62278247,89.14227598,110.12457,112.7109557,112.4857515,108.7922168,116.8327371,115.0858785,117.2331651,79.78355289,77.93635151,105.878629,106.5739645,81.21427091,85.05111969,92.43635017,97.07754361,86.9176346,88.12626356,82.20411404,83.23244363,87.06087832,81.30248922,82.26656002,21.40312439,19.57010783,20.74901379,22.93567289,19.60345113,24.72280054,23.33410878,28.49647872,52.37834667,38.40289032,57.61766469,64.23863487,56.23841794,56.57821045,83.6671999,76.65723584,94.08994819,88.38595326,51.89623402,27.56611934,18.40493637,24.17729519,37.91844792,37.73613613,39.20840648,19.85835083,17.53971012,37.21276119,97.15478766,100.7827398,107.9958091,103.0300579
7.405166609,26.40263051,29.26866504,2.737266289,3.471588011,13.22185186,29.72008818,48.67667733,35.5205043,22.59012499,27.07884663,24.93067171,29.71790356,30.01541097,26.33882843,32.35549075,25.84079264,35.27762233,33.89280622,-4.365881501,-23.34835155,6.532938115,68.80986211,74.51566793,84.37552122,104.3389673,67.2277081,97.96161441,94.49400357,101.7512976,103.2036389,15.74641368,19.68179399,14.98966045,24.64649388,7.546916271,6.677490977,7.540949432,12.91126,4.555203183,3.508887085,57.08475403,70.48037362,75.56659815,66.95395382,68.8149894,-5.471877553,-6.448478563,-35.8472028,5.524308908,5.711937778,14.79220904,12.21310006,13.22527068,13.0416237,16.34329435,8.435357959,45.93429701,40.62162564,22.90450202,9.711091432,57.65634357,58.292554,50.04060164,35.64275922,-2.11735668,-0.758920684,7.236447809,5.784452427,6.914326887,-31.27378536,9.872360801,7.813714394,10.00715666,14.68625942,59.12709162,75.1994476,67.86043381
29.71007073,30.20519256,33.72690871,10.56426792,10.7705564,49.74806059,51.82893703,66.23535195,68.22739988,31.45737093,30.96796952,34.19962191,35.7655676,33.25402255,62.08495138,59.11008467,47.74929147,60.76998977,56.64920949,17.22698904,3.349549178,68.77947125,77.68814913,81.55802865,97.69130817,108.7875684,104.4022817,103.0991976,106.3652643,110.9314812,112.1484876,47.10502237,41.58333188,43.96977526,58.84170987,38.98792825,40.34061276,35.53400842,47.66847957,38.73110574,32.11512594,75.7152723,76.87648945,79.52765252,73.83657735,75.68363474,12.8096004,12.62000574,10.11777791,12.9972321,12.99121003,18.9055714,17.99558826,18.13015718,23.359806,25.79427703,29.82455381,55.06496149,48.95295263,33.37848265,51.91144772,65.41733626,73.79746023,68.97783234,41.47406008,13.76292585,8.807712053,16.50276859,22.91194561,16.97744404,6.412936957,16.90973806,12.76557892,21.54856463,54.08961209,77.52009566,90.38986862,84.96965316
29.95644157,29.87814355,33.26496522,5.883355485,9.420924184,39.95882331,49.75193845,66.97221941,72.12818207,31.74764237,30.85756852,32.66432116,35.92701243,33.39646458,58.88559335,56.77237577,50.06657977,59.11386176,52.97527659,15.13795861,4.475066361,70.84153334,76.54646515,81.05736676,96.86078901,108.9163328,106.2115927,103.6405431,105.8676504,111.4408581,112.5519996,48.16880163,39.77121643,38.57666844,59.24747204,39.46248987,38.25952612,14.96693127,50.06529108,29.78472751,21.46745036,76.14830621,76.85781965,78.72189752,73.88115454,75.20501398,14.15194704,12.93382044,11.01174486,11.67913514,13.47914958,18.40819311,18.05676693,17.52409198,20.9284158,24.20695103,35.14423497,55.77027776,48.95184255,31.2700853,60.21292741,64.86336891,75.47922972,69.06002037,40.28544969,14.83332843,8.323407389,18.39536177,23.37745973,15.51478302,8.677971609,17.16075769,12.7988152,20.00172765,57.66111056,73.04412346,88.486561,86.20855419
5.573099505,2.451061731,2.551511876,10.30007162,7.350473154,30.99973805,13.29226948,10.64832929,15.22272277,3.095209562,2.162923985,6.577329245,2.735016795,1.466495376,22.103836,15.9371193,12.14644843,15.98864277,18.83927752,15.67932337,15.27197743,14.30649801,5.540225289,3.740422879,7.440503732,2.36695584,8.900562744,3.295596958,5.065652793,3.536309164,3.686999094,20.64409227,14.20519794,23.18594726,20.08195065,21.23933849,25.55117474,30.69543323,26.75612516,29.42197146,24.28770794,4.877722011,2.979806833,2.988175015,3.100882243,3.464955855,6.939158009,5.521114286,11.28439702,4.114597528,3.897065984,2.925700905,2.529542483,3.028834699,9.068671602,6.664040885,15.30319971,5.092282505,4.811965695,9.154355157,23.27496904,6.142444519,9.940030918,12.65362203,4.637462723,6.97387131,4.644633745,4.799152817,9.158498036,8.129135741,21.48451446,2.044450259,2.950403474,6.394159916,29.90071809,12.62774367,8.396939829,8.432365035
0.197604179,0.09972135,0.101150451,0.641340768,0.896522929,1.158157357,0.49371612,0.671854825,0.878424712,0.135134315,0.071471142,0.157380607,0.161585463,0.093941493,0.811123526,0.599560464,0.620266912,0.743638217,0.83347196,1.032411653,0.697206219,0.360016307,1.396674681,0.142288704,0.352678616,0.090228938,0.209851589,0.126738264,0.188892076,0.109913761,0.167826002,0.632051659,0.668729478,1.263059925,0.943708285,0.697439578,0.905830792,1.434877498,1.112992703,1.067055572,1.347220173,0.166527094,0.181629387,0.110145041,0.157835746,0.135387352,0.513901616,0.401563731,0.610411207,0.452964031,0.477610139,0.269831155,0.201895673,0.190157489,0.475323467,0.527560466,0.897030566,0.419536419,0.513319983,0.563595995,0.638696126,0.314337195,0.468900992,0.414778741,0.200387263,0.433116799,0.382002085,0.454449312,0.412557706,0.491693213,0.998540703,0.141175271,0.271386164,0.283255596,0.908625733,0.4943736,0.45307001,0.405887361
-20.40509809,-43.10499553,-44.5968006,4.344711098,11.26744259,-5.809549232,-3.571223736,21.14240099,24.04850519,-59.03286739,-58.44690992,-50.28147137,-51.55639726,-44.27659743,31.3135047,24.78527489,24.94164385,24.9104069,14.16545835,-11.19242079,0.000246029,18.5427828,22.61529164,6.194679139,5.135056529,-1.650352483,21.29582714,15.32650051,13.85719667,12.99423142,10.88809615,30.94329888,20.59840567,29.88010185,25.32573559,22.9373048,14.76033961,21.93305255,20.03467351,15.83094253,14.83345385,25.77279916,21.30819078,23.58521712,22.37103878,20.1815416,20.5519046,19.75881558,19.48665371,22.19174054,20.437776,17.38440208,16.21355181,14.59764735,18.48907308,32.00972193,42.08303775,47.00451543,42.51785601,42.96205668,-0.029422434,-11.53820934,-11.05321978,-32.80542707,-13.88914372,-7.207159172,4.436767995,-4.408456898,10.1829037,-3.630076457,14.08768529,15.47562978,13.90964949,14.41694345,40.60899121,49.02336105,57.38377876,56.23479209
-57.15331308,-53.60786571,-54.29806282,-15.33013585,-8.566739752,-60.78298845,-59.32764673,-43.30361461,-54.54801989,-76.87803061,-66.78494179,-68.46022494,-69.00018622,-60.79067744,-17.02728083,-26.61330155,-23.31363413,-34.66079552,-15.95398392,-47.37884752,-55.58854132,4.341804082,2.473026715,-9.088168014,-11.89331815,-17.49205486,7.271359854,4.630398318,0.934885811,-4.998656859,-0.311886478,0.460733308,-15.30091487,4.778667994,-20.53920749,-6.971642626,-9.24830171,-23.4428516,-6.800674545,-16.16907656,-5.170602526,12.86492894,2.308642302,3.790553774,9.894880451,7.894320286,-6.262361133,-1.872330473,-20.96814399,6.189692712,6.982072996,9.890737487,8.967145409,8.968659908,-2.295044312,2.86389609,4.754798594,34.25492617,31.58347204,17.62004089,-44.20912975,-35.29807423,-57.02435295,-53.76626843,-36.68310913,-41.17013381,-29.50083606,-34.85273871,-38.8382768,-44.33108776,-3.854411433,8.002854986,6.646542117,0.396222857,5.040773128,26.04027838,40.26350963,35.81820492
-49.81769766,-47.30786219,-49.44209504,-3.294949216,4.401761771,-39.54603995,-32.80836691,-12.5979535,-2.893368775,-63.3907096,-62.65630496,-59.35110066,-58.37771893,-51.4349863,6.115680643,5.662172076,4.741887555,-0.240938224,-2.040412278,-31.90911283,-18.75633212,13.80136865,12.33060966,0.389309397,-3.979482055,-8.55819421,14.94288957,9.945307292,6.666914715,4.265948313,3.572747883,12.51128236,10.03616309,15.85631751,10.19024427,8.547390327,6.848434878,6.450307609,6.962655691,4.286342711,5.682889343,19.26842383,15.04137693,15.82737524,17.97437339,13.43224789,11.31453785,12.68294809,10.54664218,12.80036558,12.99089297,13.53104677,13.16092625,12.36530192,12.24310915,13.2529778,23.2140457,40.4847942,37.00710656,26.39017403,-26.24060686,-22.99909337,-37.18478064,-43.194868,-21.88807351,-23.80483073,-15.02777486,-17.46461268,-18.84074487,-22.51300763,5.347615067,12.75380625,9.911707903,8.56722826,24.15698124,36.5770127,48.4645822,47.70978841
-50.94139453,-47.06482447,-48.96029234,-1.603821968,4.431721412,-46.59265163,-34.38245878,-12.24697387,2.997051966,-63.03128202,-62.55596188,-58.32142556,-58.79881068,-50.45847954,4.830625777,4.122645001,3.835357576,2.366850899,-3.038910331,-30.98840997,-16.77809115,14.11744605,11.43871277,1.476871775,-4.315462429,-7.792543362,16.09770888,9.190946439,7.084947573,4.114724626,3.147632239,11.87442998,10.46929524,14.24669032,13.55188178,10.18179202,7.291651851,7.826954856,7.175381741,4.360594509,6.068928382,17.9972995,16.32617181,14.57275122,18.28740675,13.57265243,13.21397316,12.70068887,11.03713396,11.32456263,12.98629411,13.62099784,12.99316027,12.66975416,13.26032509,13.16917428,28.04871059,40.16546745,36.48926496,24.75609152,-33.68690569,-22.38769609,-40.48503345,-41.45443935,-20.18048508,-24.13476511,-15.24323658,-16.18454826,-17.93532348,-18.8381901,5.038490864,12.77262505,10.32085604,8.31330402,29.59986742,35.66186453,47.42512841,47.97948011
7.251421352,2.759979737,2.578615892,4.900493074,4.896919785,17.08384788,16.26189714,18.08885668,26.52579821,3.971225139,2.287293715,4.084089771,4.755267035,4.396928654,13.3898921,11.34226307,10.95135,14.19981244,9.218143437,9.707674626,13.44752248,3.25939716,5.718238047,3.620440503,3.783394314,4.174928734,3.81947715,3.321040039,3.292823955,5.155513832,2.615908192,8.057381957,7.899273971,7.406320675,11.83725054,7.366030206,6.216799507,8.99036044,6.864780164,7.907447806,5.637393586,4.017020672,5.180319699,5.043675186,3.088285726,2.837116074,6.676351021,4.49486591,8.074064615,3.746343829,3.68937202,2.145725814,2.087783208,1.401719151,5.12782433,5.322893414,12.58380513,3.892116279,3.421722604,6.87999319,16.60193274,6.705433062,12.74819229,5.793308708,5.914832975,9.229490675,9.212479508,8.600371698,14.40566663,11.5243164,5.1263095,1.453648411,2.20171872,3.626218958,13.76397964,5.328569237,4.642376278,4.987475321
0.197604179,0.09972135,0.101150451,0.641340768,0.896522929,1.158157357,0.49371612,0.671854825,0.878424712,0.135134315,0.071471142,0.157380607,0.161585463,0.093941493,0.811123526,0.599560464,0.620266912,0.743638217,0.83347196,1.032411653,0.697206219,0.360016307,1.396674681,0.142288704,0.352678616,0.090228938,0.209851589,0.126738264,0.188892076,0.109913761,0.167826002,0.632051659,0.668729478,1.263059925,0.943708285,0.697439578,0.905830792,1.434877498,1.112992703,1.067055572,1.347220173,0.166527094,0.181629387,0.110145041,0.157835746,0.135387352,0.513901616,0.401563731,0.610411207,0.452964031,0.477610139,0.269831155,0.201895673,0.190157489,0.475323467,0.527560466,0.897030566,0.419536419,0.513319983,0.563595995,0.638696126,0.314337195,0.468900992,0.414778741,0.200387263,0.433116799,0.382002085,0.454449312,0.412557706,0.491693213,0.998540703,0.141175271,0.271386164,0.283255596,0.908625733,0.4943736,0.45307001,0.405887361
-9.626179796,-9.153513606,-12.56412963,1.633349078,11.46328079,28.81605512,27.47046464,35.05984591,34.21204819,3.807073387,-7.456546477,-10.81237318,-6.958922985,-9.289209395,19.29279233,16.43008391,25.11624221,27.26044888,28.34896897,29.05469695,38.05163791,3.429935482,5.479507362,-11.07337121,-7.727198423,-9.544000286,-11.9610244,-16.45586222,-23.47324313,-9.170322487,-15.9762388,28.931789,28.547904,20.62070679,23.49876451,24.01559992,27.54850234,34.49824533,24.65799285,22.96472042,30.2979098,7.56831948,4.193034645,2.133280296,5.914114408,2.086732237,27.34178237,29.55681851,38.84797293,21.92324085,21.28197794,12.92445086,12.54717728,11.13350513,13.76648896,25.34692265,29.65520761,31.96403946,30.23303227,31.77813383,-4.567438681,-13.41142704,6.110178685,-3.869303201,-3.794042981,9.288474564,14.68049332,3.767437754,13.7867374,1.995542844,15.32709706,14.10998265,12.01645759,7.675251024,16.59967296,16.79533176,23.45153293,23.05952163
-22.97389894,-20.08442892,-25.61713324,-20.25040613,-18.6601837,-5.582082844,-8.556682215,-2.077174861,-18.83965293,-21.27343887,-17.13095014,-21.64450434,-23.73119997,-18.01760665,-25.82442427,-14.09032706,-13.55236855,-14.77895559,-15.05856342,7.263154605,-6.947077087,-14.74822572,-14.80345567,-20.19895467,-19.97436198,-21.22631005,-28.76734532,-30.73597658,-31.38782611,-34.05839922,-24.92409438,-0.304002509,-5.679673916,5.743460907,-23.11076066,-1.348948118,1.19074961,4.104978367,1.110485099,-1.753340943,2.82066924,-5.76154724,-8.608935686,-7.526247098,-8.854700139,-10.44914423,10.18413931,9.951178811,7.806821409,8.488322716,8.267616507,5.738476258,6.088069247,4.61775444,-7.287540303,-0.04511191,3.539319829,19.39948959,21.05422396,14.80716396,-26.83156464,-26.00076042,-17.09547211,-21.89032514,-19.3593072,-15.1202916,-2.227365876,-15.52534184,-24.91039203,-26.34002322,-17.49016731,6.959785228,5.610137269,-0.609766356,-2.035316038,-1.335815982,9.598249318,9.352139886
-17.36400583,-13.18520942,-17.63896393,-4.949911105,1.771594662,8.377241493,10.17748516,12.84299193,2.526005101,-12.82402991,-12.57397951,-15.51636299,-16.06774555,-13.60146854,4.826974456,0.58263032,2.346287849,3.717764624,2.923927675,17.88889346,13.25648052,-8.001008266,-8.016128155,-15.2494845,-13.72569904,-16.33534355,-19.72020824,-23.67003465,-27.54289585,-26.88183377,-20.07730567,9.628197204,10.85955469,11.13481531,1.496903363,7.608834725,9.194149547,12.69575907,11.63224521,7.525455434,11.03665318,-0.725143611,-1.364282345,-1.916038039,-1.00393012,-4.021669114,15.3759103,15.65564345,15.40631417,13.80273077,14.21233724,9.317792249,9.348551501,8.272505446,8.042739394,8.172293672,18.77278655,27.11397557,26.34524739,21.29610713,-15.90962853,-19.7448205,-6.899688323,-13.08662381,-9.009387641,-4.733843322,4.600778841,-5.763224902,-7.458680174,-10.70782877,1.39687469,11.12936876,8.584710878,3.477412702,5.756947784,8.274891308,16.38634149,18.45578322
-18.29701835,-13.19286834,-17.88650358,-3.568871705,4.08259216,8.176953274,9.723886471,10.89525484,0.569568345,-13.64708272,-13.12088796,-14.97529721,-16.49422912,-13.43472929,6.495289803,0.300920583,0.073509865,2.79579095,3.860154791,18.0481806,11.96399267,-8.145642647,-8.529878269,-14.97476721,-13.42361065,-15.77592795,-18.63092558,-23.08012086,-27.55386405,-27.56693288,-20.34479776,8.877509709,9.71354494,10.45267828,4.377598672,6.322831471,7.424844829,12.34153694,10.32124912,7.442904997,9.534888085,-0.754476037,-1.643125587,-2.105765112,-0.851759692,-3.100395826,13.23022251,15.14477827,14.9279643,13.92920084,13.58708034,9.407974265,9.423957533,8.153693893,8.846403101,8.725286385,23.24127623,26.84166012,26.52497799,20.45279928,-17.22380287,-19.68655364,-7.269026859,-14.00498739,-8.847483088,-5.338868193,4.756621497,-4.998426434,-7.486659661,-9.924560295,1.216426141,11.06266045,8.932688998,3.398257057,4.954168751,8.302453308,15.60071621,19.2517666
3.270343047,2.878683696,2.863080673,6.024466537,8.731204929,10.19080839,8.049825503,9.158433252,12.35966659,4.603801999,3.268364389,3.051775478,4.073131622,2.492283215,11.87307626,6.534120203,12.08822932,10.35320297,10.7161897,5.89388244,9.999597183,3.937178456,5.247880411,2.487458273,3.470004125,3.078723142,4.840864576,4.357089386,2.213520118,5.178604057,2.832889746,7.095743129,7.773617844,5.120921683,12.14168885,5.764309226,6.123410752,5.746318669,5.110334805,6.320578161,6.651023782,3.195459626,2.917805407,2.467607417,3.496782879,3.299213444,4.842584333,4.43699154,6.66155595,3.410608378,3.203684322,1.681958145,1.755636137,1.59553646,4.728093197,5.13856829,9.310756367,3.253478263,2.805971028,4.177924097,6.809116857,2.964776475,6.256425581,5.363494541,3.530972048,6.094612015,4.287203881,5.130714688,11.11092513,7.450019999,8.169388643,1.458211508,1.942165497,2.121117546,4.403313961,3.950204012,3.244450496,3.628769888
0.197604179,0.09972135,0.101150451,0.641340768,0.896522929,1.158157357,0.49371612,0.671854825,0.878424712,0.135134315,0.071471142,0.157380607,0.161585463,0.093941493,0.811123526,0.599560464,0.620266912,0.743638217,0.83347196,1.032411653,0.697206219,0.360016307,1.396674681,0.142288704,0.352678616,0.090228938,0.209851589,0.126738264,0.188892076,0.109913761,0.167826002,0.632051659,0.668729478,1.263059925,0.943708285,0.697439578,0.905830792,1.434877498,1.112992703,1.067055572,1.347220173,0.166527094,0.181629387,0.110145041,0.157835746,0.135387352,0.513901616,0.401563731,0.610411207,0.452964031,0.477610139,0.269831155,0.201895673,0.190157489,0.475323467,0.527560466,0.897030566,0.419536419,0.513319983,0.563595995,0.638696126,0.314337195,0.468900992,0.414778741,0.200387263,0.433116799,0.382002085,0.454449312,0.412557706,0.491693213,0.998540703,0.141175271,0.271386164,0.283255596,0.908625733,0.4943736,0.45307001,0.405887361
17.75229811,17.8095761,14.06001019,2.295139811,12.03301527,19.61095679,24.89925361,15.57250084,12.95907363,24.17680703,25.21295662,21.11113244,17.77020409,18.84154134,16.09180388,10.6928445,12.228413,22.27409595,12.5930962,2.44128205,2.74863041,3.305627023,11.16991672,1.544406113,5.367466699,3.633975719,-22.9615988,-26.87159888,-28.0360416,-23.8792432,-22.98066627,1.445783466,4.430806003,5.553796664,9.257313592,4.146569,3.655334109,5.790101326,1.893238332,6.919112779,13.33616597,7.949770941,17.20736347,13.34376863,9.679924377,11.64227223,17.76529363,16.8023691,18.76700983,18.53322408,16.28789493,9.917338214,9.907994115,9.134661702,10.45503238,19.61859298,24.57780574,23.63459505,22.64879211,22.83286089,-3.019252974,-2.697544233,-2.724546609,-0.834311731,-1.504328102,6.574765104,7.488545576,10.14656836,14.34037424,4.995731852,-2.094162018,12.92535215,11.74037532,4.078599847,8.017628677,2.735103866,6.379925195,5.34181281
3.890452259,10.2979985,7.886128312,-11.83690473,-13.17483033,5.602456498,-9.091806321,-3.443214324,-14.33974222,15.10432213,16.44060833,10.72750067,6.555195992,12.02829025,-17.44872095,-11.05606982,-16.36654539,-14.74144082,-13.47605317,-21.47138419,-30.3905863,-9.621342497,-8.114468143,-8.519728761,-7.749605705,-4.627470858,-36.24651035,-36.22369036,-36.4426362,-37.0887528,-37.18403045,-14.83713051,-16.23597652,-14.33919003,-20.29288143,-14.74899386,-11.91380743,-25.06557007,-12.26613972,-17.05977569,-9.939957689,-1.418683986,0.87750011,3.077549393,-2.315761365,-1.072559416,5.087882763,2.921192573,-7.276275905,3.45986384,4.49518373,3.060467861,4.833898024,1.048386632,-6.283697004,-1.570349516,5.437002057,6.169821621,12.62308328,12.79193761,-12.67127059,-13.16956566,-19.28450838,-18.06897198,-11.21555751,-22.41455943,-5.200531418,-18.37399461,-17.80638517,-17.17601676,-27.65120208,6.308351463,5.506200077,-5.736103442,-11.36886921,-11.75280299,-8.69431754,-8.754661698
10.42577142,14.30188146,9.991102381,-1.645597102,2.618898712,11.78211296,9.021067312,6.376837493,-3.231951234,20.73606573,20.00520503,15.91178573,13.23128341,15.28981411,2.333453487,-1.632208771,-1.128117415,-0.345887562,-2.707651077,-13.10911659,-13.80189677,-4.488413528,-1.234074422,-3.190022809,0.276578848,-0.964072436,-29.63726337,-31.68046301,-33.29578589,-32.29995057,-28.00992134,-4.381664248,-4.472883989,-4.275072967,-7.916332861,-3.146549774,-3.854883016,-3.04624171,-5.205709275,-4.405351746,-1.535839389,4.007050457,7.098469442,6.850205321,4.38547718,4.706694558,11.12392879,11.14997253,9.67361168,10.98597458,10.91542959,6.952736479,7.378381651,5.955014608,6.629003731,6.25858264,15.53644858,16.92006795,18.05305725,17.24055784,-7.800625167,-7.909980544,-10.75808273,-9.556933962,-7.315268017,-7.022087803,1.579186552,-2.936483393,-7.605565107,-6.590844461,-16.49843472,11.05236934,8.194255249,0.402055917,-2.144580774,-4.517996486,-1.36487435,0.186701415
10.06773565,14.03402831,9.511356025,0.305761301,4.173658582,11.91880297,9.069710728,6.064069863,-4.821240316,20.61356389,20.19626285,15.52818558,13.33666499,15.06388089,2.695950442,-1.459606225,0.346622748,0.616886649,-2.781277546,-12.92437122,-13.63233421,-3.795424249,-2.388109443,-2.879315507,0.956149307,-1.482825413,-29.54688574,-31.61039884,-33.02360418,-32.45356939,-28.41306266,-3.722169665,-3.310489952,-3.929325605,-7.331136737,-3.530985746,-3.053218214,-3.755578314,-5.50022072,-4.28191255,0.118716594,4.105860825,7.109728855,6.438666688,4.924431868,4.860684436,10.70336296,11.26584039,9.84774202,10.25526204,11.09077737,7.223875237,7.226900186,6.272829827,7.501960191,6.758846789,16.15225086,16.53688781,18.35047725,16.88830525,-8.028115353,-8.250073626,-11.28768635,-10.03411561,-7.59947768,-5.402203589,1.86854573,-2.241073439,-9.606665247,-6.601007698,-16.49964091,11.20161723,8.243903338,0.785152893,-3.409516172,-4.550696302,-2.044889546,0.721544532
3.418320657,2.174472414,1.699469305,4.062361322,7.261695067,3.732530089,8.472145121,4.925372496,8.581405155,2.179962716,2.224280267,3.131550103,3.017010057,1.870087427,8.907328526,4.870828869,8.962729037,9.895450543,7.60596685,5.605980344,8.977825634,2.847043506,4.654078552,2.487721306,3.53540308,2.26902782,3.907023255,2.752188381,2.325458044,3.012462565,3.08045157,4.273079426,6.130243282,4.805105418,7.358623637,5.274311128,4.707468642,6.54199039,4.063372954,6.148153924,5.599088358,2.79256153,4.229656395,2.724013567,2.665553835,3.670002663,3.203962962,3.296540809,5.088870366,3.540267869,3.463791801,1.713816614,1.421533499,1.901151524,3.724948449,4.813726291,6.496588623,3.42379467,2.826013707,2.035713344,2.692205897,2.73096658,3.973777055,4.091387087,2.851790303,8.561117654,3.438406525,7.937613145,7.682838802,6.198567227,7.340355889,1.412667986,1.860596538,2.405512238,5.347533282,3.530168852,3.307998085,3.199998405
0.197604179,0.09972135,0.101150451,0.641340768,0.896522929,1.158157357,0.49371612,0.671854825,0.878424712,0.135134315,0.071471142,0.157380607,0.161585463,0.093941493,0.811123526,0.599560464,0.620266912,0.743638217,0.83347196,1.032411653,0.697206219,0.360016307,1.396674681,0.142288704,0.352678616,0.090228938,0.209851589,0.126738264,0.188892076,0.109913761,0.167826002,0.632051659,0.668729478,1.263059925,0.943708285,0.697439578,0.905830792,1.434877498,1.112992703,1.067055572,1.347220173,0.166527094,0.181629387,0.110145041,0.157835746,0.135387352,0.513901616,0.401563731,0.610411207,0.452964031,0.477610139,0.269831155,0.201895673,0.190157489,0.475323467,0.527560466,0.897030566,0.419536419,0.513319983,0.563595995,0.638696126,0.314337195,0.468900992,0.414778741,0.200387263,0.433116799,0.382002085,0.454449312,0.412557706,0.491693213,0.998540703,0.141175271,0.271386164,0.283255596,0.908625733,0.4943736,0.45307001,0.405887361
1.587071147,-2.886059192,-6.018962484,4.440857273,11.58335609,2.320882573,-0.921320026,1.368305408,-5.266531459,-5.91693404,-7.311162757,-4.769237622,-4.674030276,-4.431946216,13.24171456,5.14067736,4.054691444,11.77378507,6.208996154,19.60526077,12.75072751,3.539315201,7.929651326,2.830663781,0.884428581,-3.859358374,-7.205135041,-6.788912037,-7.029341619,-5.703640677,-3.822082888,9.636163843,11.05207352,11.36902012,13.65724972,14.06304378,18.35325209,9.130900071,8.447637132,9.460556046,6.807856939,7.983999696,9.375168217,9.389208463,8.478759935,8.915720789,18.80673143,17.23673648,18.55863529,17.60539465,19.84193248,9.27360019,8.551426865,8.005858384,8.883530574,14.72517936,20.32042328,16.41320028,16.49058808,16.64236486,-2.983521643,-2.910137753,-3.223250016,-3.737507356,-1.603706099,13.18895582,15.26226675,8.983485592,13.80223627,25.92153827,9.600379845,13.37373943,10.91423132,2.136721271,5.067499094,1.023243635,2.484796721,-0.232376253
-13.0163017,-11.61947462,-15.23605522,-4.865823002,-6.367759233,-22.35618427,-26.15628946,-23.82401202,-23.632747,-20.21279613,-15.1993056,-18.0790388,-17.00375572,-11.02132124,-15.43703575,-12.27517469,-16.35371266,-20.20065608,-11.33806707,-1.988179047,-13.42998372,-5.809591022,-6.461640173,-8.104917783,-7.319019819,-13.42413195,-19.29887556,-18.56489247,-18.8774008,-18.00605484,-13.66322878,-12.70771987,-6.362452268,-8.800083897,-7.091374834,-2.744559877,-4.852746735,-13.98928699,-11.55308733,-5.563656422,0.038661443,-2.76190846,-0.561097613,1.637761336,-1.752749788,-5.173527071,-0.941361798,7.503661126,6.778848777,8.658670041,4.231510039,1.466561422,4.01430532,-0.072250011,-7.599319956,-2.232734377,5.35660512,0.601403287,7.201314218,10.56232077,-15.71038365,-12.07860007,-18.56704651,-17.80712155,-14.68441709,-6.398023719,-2.417475688,-13.59836867,-11.59468767,-4.179644781,-19.67426965,5.208590864,4.653776571,-7.345224607,-7.134584859,-12.49648303,-9.039793941,-11.26995321
-8.505784428,-8.632510229,-10.78816991,-0.766657114,3.830355827,-11.46727256,-13.3001142,-13.81374138,-14.40573753,-10.86081723,-10.60508185,-10.94469523,-10.98711016,-8.077231037,-1.477533754,-4.856146191,-3.224668167,-5.081210689,-4.467449211,8.535125508,2.022896644,-2.644732969,-0.819070609,-3.094154265,-4.117804811,-8.57566041,-12.41681783,-12.8241714,-14.28462099,-12.99565697,-8.500502023,1.212670449,3.827343355,0.394038635,-0.15621368,4.1113842,3.177264346,1.833178735,-0.739271077,1.254127198,3.713779774,2.387660505,3.792717296,4.384078869,2.886968692,2.986583706,10.93187637,12.31146801,11.47794412,11.91517529,11.89691667,5.766734338,6.603829242,4.957943642,5.408600807,5.008981627,12.60903734,10.47908545,12.1937225,13.55107056,-9.069683733,-8.758867936,-11.39000159,-11.22100583,-9.377614472,4.061173261,4.780412171,-2.191620957,-0.363270722,6.434493678,-4.629907208,10.21130388,7.414611767,-0.92935937,-1.911021054,-5.166324691,-4.551136699,-4.705431654
-8.714840005,-9.020122439,-10.85589373,-1.227434319,3.934321434,-13.27557609,-15.68263139,-16.53107162,-13.83683435,-10.70840627,-10.6567283,-10.33804949,-11.30206577,-8.444141164,-2.599709394,-5.672849714,-2.142868879,-4.29294406,-5.265793334,8.478633305,3.704499446,-3.150270825,-2.07243443,-3.901993962,-4.13620909,-8.29940438,-11.61050683,-13.23192818,-14.96493578,-12.62120238,-8.612682026,2.075410301,3.721045458,-0.966413038,-0.771534324,3.567545009,2.641795914,4.643959916,0.917637787,1.62094068,3.982009798,2.20755149,3.062010816,3.790977043,3.086048041,3.076723796,10.89169143,12.08463052,11.13538874,11.51221221,11.31298428,5.979283308,6.692351116,5.271410419,6.200789057,5.396076515,11.40718781,10.50665935,13.03145832,13.51938687,-9.673901763,-9.679253297,-11.2977191,-11.3081897,-9.880899233,5.769994577,3.50990681,-0.235358033,-0.539313138,6.894475437,-6.002743835,10.31157452,7.385577319,-0.469393779,-2.241373154,-4.45853611,-4.469720424,-4.773816956
3.115286447,2.274312802,2.308123911,2.65897609,4.796958871,7.015862273,6.724326616,8.056399257,5.491875629,2.930102742,1.905134204,3.98801387,2.667503575,1.486766605,7.059790133,4.716954961,5.447998864,7.299967349,5.465862737,5.256388409,6.828183293,2.564593316,3.887978477,3.226871999,2.072353219,2.344240227,3.5041791,2.87311501,2.9427779,3.399455456,2.233084293,5.587306597,4.748194513,5.340324283,4.332548126,3.616118372,4.549057026,6.468849107,5.466925624,3.606496562,2.104981468,3.167902368,2.533010495,2.102937565,2.377044624,3.217938953,4.281622207,2.369740575,2.939616685,2.508501961,3.294244512,2.026770006,1.378164502,2.044872998,3.778405126,3.906729641,4.697888931,3.0565876,2.788077319,1.429525428,3.551049605,2.67582569,3.85833337,3.510160073,2.940034435,4.912691729,5.024230769,6.59396716,5.968255661,7.997426047,8.562932968,1.584478323,1.758726888,2.429781417,3.414055855,3.227689822,2.981591666,2.593459572
0.197604179,0.09972135,0.101150451,0.641340768,0.896522929,1.158157357,0.49371612,0.671854825,0.878424712,0.135134315,0.071471142,0.157380607,0.161585463,0.093941493,0.811123526,0.599560464,0.620266912,0.743638217,0.83347196,1.032411653,0.697206219,0.360016307,1.396674681,0.142288704,0.352678616,0.090228938,0.209851589,0.126738264,0.188892076,0.109913761,0.167826002,0.632051659,0.668729478,1.263059925,0.943708285,0.697439578,0.905830792,1.434877498,1.112992703,1.067055572,1.347220173,0.166527094,0.181629387,0.110145041,0.157835746,0.135387352,0.513901616,0.401563731,0.610411207,0.452964031,0.477610139,0.269831155,0.201895673,0.190157489,0.475323467,0.527560466,0.897030566,0.419536419,0.513319983,0.563595995,0.638696126,0.314337195,0.468900992,0.414778741,0.200387263,0.433116799,0.382002085,0.454449312,0.412557706,0.491693213,0.998540703,0.141175271,0.271386164,0.283255596,0.908625733,0.4943736,0.45307001,0.405887361
0.627693481,-4.58852074,-0.882024244,3.874200613,10.87950134,11.25311778,18.08054174,16.92068014,7.943224577,-3.43102454,0.593773299,1.348659022,0.416357132,1.519219515,12.80273495,7.230614297,7.632145166,4.319930586,2.686099213,-0.473862296,3.788896253,3.264409564,7.568210879,-0.718420159,2.526518117,-1.99368767,-0.127000562,-0.303246846,3.016447021,-0.096850226,3.723970095,1.671235092,2.298769021,0.836173785,5.744345881,2.069609101,3.485984171,6.103907332,0.649352496,9.140580137,4.916554111,4.574451845,0.542927184,1.888827068,0.802082901,1.17208225,15.75461303,14.2315336,16.16073239,14.82359873,14.75924687,9.150411859,8.240888825,7.074891228,7.894353211,9.797140276,17.03966051,11.94097734,12.86935987,14.09453817,1.809322164,-0.124048822,0.557620874,0.974573679,2.603873784,-2.949261509,-0.742821446,-1.395949749,2.398186362,13.39591278,0.938494875,10.85970394,8.726229711,3.940958689,11.42078146,3.731940925,6.129361972,7.782764024
-6.676438416,-11.04543103,-11.16937142,-6.000386949,-3.368898672,-4.781515416,-22.73499137,-5.21397405,-5.720540326,-11.0268044,-8.352520496,-13.76072445,-9.075601034,-7.426279035,-11.49377504,-12.24693385,-14.61711244,-17.91243446,-15.62700766,-22.88963972,-27.00699541,-6.365420058,-7.25164063,-8.901544723,-9.112907263,-11.09852805,-12.03352716,-9.14507244,-10.46250529,-9.906379378,-5.104895655,-10.46525512,-13.37784835,-13.18840931,-8.385464258,-8.261499054,-8.40542691,-9.65799412,-10.03626917,-13.06151388,-8.845052128,-9.463393362,-7.910402176,-8.248165779,-6.035448885,-12.41375046,-3.371481207,0.205269557,0.240373381,6.160735761,3.931815876,-0.355677856,2.150219597,0.205173946,-6.911160019,-4.660268722,3.365704496,1.259047447,3.1729672,5.825386189,-8.473913954,-10.47082511,-11.36899866,-9.673530638,-11.03927513,-15.05243794,-13.43956036,-15.33980522,-12.36778672,-9.342051536,-21.2709901,3.565498374,3.542370758,-4.944528061,-3.66187812,-7.141685233,-5.67315383,-5.009171812
-3.990257373,-8.128054787,-5.577140434,0.105090703,4.370653373,0.896543115,1.26420256,4.125216266,-0.210347214,-7.077949847,-3.31924842,-3.883362438,-3.96543102,-3.811060688,0.521189855,-3.948501565,-2.874392392,-5.609860168,-7.74166276,-13.17982011,-10.15246356,-2.762247407,-2.071598845,-4.36798881,-2.531409795,-5.048975095,-5.179176453,-5.14743173,-5.407058184,-4.454841953,-1.065334379,-3.797251181,-3.727366615,-4.62328118,-2.371434878,-1.400899599,-0.646099067,0.17217039,-3.069858141,0.110362568,-0.548645936,-3.10840131,-3.116733928,-2.35718553,-3.01426153,-3.738079412,8.659417193,9.909013109,9.27474371,10.14339455,10.07523063,4.663327441,5.874756267,4.100119128,3.277194324,2.723897265,9.951480411,7.218089731,8.575290407,10.34640494,-3.549061761,-6.122396977,-4.87557519,-3.800693171,-4.441718056,-8.069835535,-5.682630675,-8.224490507,-6.532289289,4.164326522,-7.910015801,7.833354863,5.968151848,0.177715499,1.716935164,-0.676466838,0.724147194,-0.248889245
-4.15075952,-8.065981519,-5.380237717,0.478594863,4.14817247,-0.984159924,3.166366413,3.866139577,-0.733053701,-6.804467059,-3.286052319,-3.218432092,-3.631906296,-3.406810474,0.982311933,-4.945610573,-2.881388323,-6.289690947,-9.387629636,-14.04590854,-10.54565885,-2.886032733,-2.681298997,-3.75577507,-2.295834239,-4.734883073,-4.902386569,-4.815764039,-5.6338164,-4.22184746,-0.623941897,-3.261911451,-4.526060729,-4.211999913,-2.64173002,-0.384451767,0.663958044,0.98896244,-2.498380234,1.045389855,-0.171819577,-2.896700567,-2.521295223,-2.127972959,-3.272646614,-4.009468153,8.871811116,9.94467298,9.118811966,9.192245731,10.1037383,5.203996655,5.819662337,4.701139439,4.557276528,3.840202835,9.793906262,7.143330192,8.005185201,10.62905908,-3.024379531,-6.440869145,-5.22909515,-3.157435086,-4.143985885,-7.561879514,-5.246106316,-7.49066598,-6.703346538,4.528084069,-7.183687701,7.840916051,6.214982725,0.383374459,1.306935827,-0.954098475,1.023029646,-0.274015378
2.182573739,1.472228195,2.785122822,2.219679358,3.840149371,4.672652014,10.18547953,6.853137018,3.629455091,2.010134285,2.520370993,3.909000622,2.489856349,2.285220167,5.784048671,5.500288764,6.00928838,5.628321968,5.320591378,5.184684274,7.376482143,2.432799962,3.470513634,2.35677427,2.821352122,2.551129395,2.709658155,2.371621739,3.276400261,3.059916812,2.322953165,3.430107081,3.748946125,3.784642027,3.92285025,3.062365288,3.702500996,3.64543036,2.648483697,4.483161133,3.399026487,3.459207011,2.231012955,2.639395129,2.114483754,3.014279048,3.920542575,2.866299457,3.062256385,2.467821102,2.716773281,2.306187192,1.614138136,2.06031396,3.995818995,4.153550832,3.826264746,2.237718153,2.611103284,1.849892615,2.697572068,2.845196657,3.197088434,2.65337845,2.681504453,3.268510906,3.03401652,4.05200678,3.720848201,5.672210832,4.996023402,1.400801012,1.421620459,1.927594211,3.318937017,2.860315194,2.622109732,2.941496961
0.197604179,0.09972135,0.101150451,0.641340768,0.896522929,1.158157357,0.49371612,0.671854825,0.878424712,0.135134315,0.071471142,0.157380607,0.161585463,0.093941493,0.811123526,0.599560464,0.620266912,0.743638217,0.83347196,1.032411653,0.697206219,0.360016307,1.396674681,0.142288704,0.352678616,0.090228938,0.209851589,0.126738264,0.188892076,0.109913761,0.167826002,0.632051659,0.668729478,1.263059925,0.943708285,0.697439578,0.905830792,1.434877498,1.112992703,1.067055572,1.347220173,0.166527094,0.181629387,0.110145041,0.157835746,0.135387352,0.513901616,0.401563731,0.610411207,0.452964031,0.477610139,0.269831155,0.201895673,0.190157489,0.475323467,0.527560466,0.897030566,0.419536419,0.513319983,0.563595995,0.638696126,0.314337195,0.468900992,0.414778741,0.200387263,0.433116799,0.382002085,0.454449312,0.412557706,0.491693213,0.998540703,0.141175271,0.271386164,0.283255596,0.908625733,0.4943736,0.45307001,0.405887361
15.46485585,9.17166745,13.71043924,3.354175072,10.56637246,10.22543971,6.437232924,17.00492924,14.87697429,13.97768267,18.28440192,17.30573985,8.768927064,11.89297517,16.15123763,15.7845024,8.313939644,10.64279723,5.186428322,6.374774828,5.278409405,7.439068897,11.11767464,0.745652199,7.118237623,3.912056794,3.961721133,2.515454882,7.336756633,5.660644239,8.518691015,4.580539832,14.4783357,3.431551408,6.255011324,5.328543256,5.112908901,5.843499473,11.84747882,4.117937824,4.121713855,1.234453635,4.69259613,4.066972135,0.495776913,2.089481718,17.00366623,13.040155,14.85457536,13.24638464,15.2153474,8.598920615,7.582995216,6.165456328,6.667491029,7.911319026,14.68661064,9.982319693,10.94186159,11.58275832,0.14801954,1.033944448,0.834328898,-0.203776151,-0.231269247,8.858966669,2.925615456,10.03261825,7.532100566,11.02826439,5.228870087,6.342861986,5.84479043,4.253380855,11.07740628,6.051397327,10.00089434,12.41997817
3.417828433,1.271192597,4.77067636,-3.141792757,-1.90612929,-9.138341278,-17.09101413,-12.37062028,-8.683336811,-0.398187456,9.597562305,5.265270796,2.479414179,3.609293507,-10.02750411,-9.078104675,-12.98849931,-18.33360227,-16.51069199,-14.56820664,-11.64819203,-2.062762446,-6.12929508,-8.051992635,-5.446033343,-6.015958148,-6.337928229,-7.667573966,-7.36613235,-3.242737493,-0.346146629,-6.270057339,-8.671349844,-5.26535089,-4.522620609,-3.48130655,-3.780748539,-6.599159669,-7.086941519,-3.344533452,-6.073775813,-7.034630117,-6.738307908,-5.936616504,-7.012303075,-9.895726254,2.952418556,4.992663053,4.831148229,5.416734473,3.241260817,-0.73949735,1.018190436,-1.531210426,-8.506292705,-5.68463677,-0.330636641,2.778205711,1.228436622,2.532566819,-8.816844449,-11.19802454,-10.36641896,-9.476013227,-10.33813981,-11.19240682,-16.94612405,-3.099969924,-10.36157473,-12.79507576,-8.834934138,1.744804078,2.232306751,-0.427904698,-5.558704407,-1.341656889,-0.81594959,0.007579553
8.406422204,4.64814804,8.261705644,1.044263394,4.570149433,0.365729012,-5.48065068,2.289345607,5.029297106,8.899180699,13.03141272,11.48069734,5.387808701,7.713927233,4.167453738,-0.158432964,-1.158587749,-0.973720038,-3.584367202,-1.361561388,-1.950726821,0.429761817,0.383071626,-3.416883248,1.238216524,0.105130313,-0.893100137,-1.336207022,-1.054076908,0.752729622,4.110911442,-0.212565177,0.530728521,-0.687939635,-0.014922773,0.7479871,1.484156986,1.394369645,0.05020043,1.030026062,-0.167584737,-2.17014962,-1.560591004,-0.743719956,-3.120364923,-3.492099216,9.263340655,8.939918226,8.602430596,9.151090852,9.347790777,3.565755677,4.853650004,3.240582848,1.555870472,1.762790523,8.069073114,5.989395698,6.63662898,7.971997141,-4.22940607,-6.277162862,-4.813031689,-5.186366757,-5.24841639,-2.313452572,-4.466289699,2.073178183,-1.391199381,2.601783189,-1.286551881,4.736497897,4.003113926,1.353457477,2.534433969,1.6230949,4.53290221,4.353463263
8.423626234,5.237116519,7.74555617,0.913590468,4.476958449,0.850383964,-4.927066522,2.140031153,5.659038427,9.256661729,11.91218686,11.37485749,5.637806362,7.706760405,5.576633037,0.327449213,-1.667532411,0.464921243,-2.832626003,-1.129021398,-1.725264487,-0.271392885,-0.201497698,-3.820936265,1.03696062,0.740330728,-0.075675585,-1.167415489,-1.403110902,0.440933707,4.568315691,-0.307753282,-0.364029916,-0.677755748,-0.640350182,0.1573706,2.319013284,1.787772274,-0.012402664,1.269668954,0.9532745,-2.098353107,-1.941174714,-0.801040861,-2.996422468,-3.700358721,9.19612294,9.088923217,8.533588811,8.488350244,9.180163989,3.618212815,4.537776223,3.815612853,3.035672467,2.893546183,8.979156099,5.697547709,7.224815483,8.25121163,-3.485047759,-6.983817583,-4.985543233,-4.956631031,-5.697353151,-2.956027488,-4.587524315,1.222701442,-2.036727494,2.641330104,-1.712893624,4.607458356,4.200035891,1.078508931,2.366859861,1.295201392,4.02751129,3.854534365
2.852491005,2.075790603,2.637033722,1.507228206,3.660806867,5.606281257,6.226705669,7.255756939,5.100419227,2.713112875,2.642602743,3.312562483,1.828534055,1.991182136,6.761444275,5.707029681,5.120583478,7.355392937,5.752695053,5.160743321,4.346149171,2.487086714,3.791957285,2.425808187,4.059663491,2.637161542,2.60096269,2.862525277,3.254533412,2.540290407,2.339996158,2.775878025,4.866868632,2.34931684,3.017101549,2.471192871,2.43468118,3.050206444,3.750401357,1.743325084,3.002859153,2.188019812,2.654830006,2.246124452,1.743269933,2.563932324,3.343277428,2.019817794,2.193914811,2.052770359,2.764711379,2.281182286,1.700075264,1.987354767,4.051642061,3.387440141,3.452993416,1.869523026,2.4316883,2.13894637,2.620307181,3.040915169,2.966000331,2.235132874,2.553488646,4.580182764,4.962159672,3.287749843,5.050215895,6.288922749,3.056544685,0.952190747,1.149979086,1.310962381,3.283053162,2.181040566,2.409541346,2.871135547
0.197604179,0.09972135,0.101150451,0.641340768,0.896522929,1.158157357,0.49371612,0.671854825,0.878424712,0.135134315,0.071471142,0.157380607,0.161585463,0.093941493,0.811123526,0.599560464,0.620266912,0.743638217,0.83347196,1.032411653,0.697206219,0.360016307,1.396674681,0.142288704,0.352678616,0.090228938,0.209851589,0.126738264,0.188892076,0.109913761,0.167826002,0.632051659,0.668729478,1.263059925,0.943708285,0.697439578,0.905830792,1.434877498,1.112992703,1.067055572,1.347220173,0.166527094,0.181629387,0.110145041,0.157835746,0.135387352,0.513901616,0.401563731,0.610411207,0.452964031,0.477610139,0.269831155,0.201895673,0.190157489,0.475323467,0.527560466,0.897030566,0.419536419,0.513319983,0.563595995,0.638696126,0.314337195,0.468900992,0.414778741,0.200387263,0.433116799,0.382002085,0.454449312,0.412557706,0.491693213,0.998540703,0.141175271,0.271386164,0.283255596,0.908625733,0.4943736,0.45307001,0.405887361
3.71433648,3.316798828,2.821158155,3.856731202,10.77282394,8.140430707,0.473807406,6.594165724,7.060173529,-1.64318754,1.663567304,4.216141635,-3.653323005,0.10361369,16.5359341,13.27401204,4.32216299,15.1216692,9.081841965,-0.94095801,2.156740926,9.341075979,12.28411732,-0.742340155,6.251421963,0.654945103,10.69333079,8.512438508,7.712049107,11.2365657,11.6620591,7.920913407,7.029919811,7.171651734,8.278372294,8.288875949,7.997179877,6.791815861,15.00526026,8.16605053,4.589363571,5.336396201,7.497656309,6.557970825,3.006370798,4.626192204,15.01862923,10.87892963,13.16279692,11.90805789,11.5666765,7.808613491,6.228684708,5.520314776,5.493276749,6.89104851,12.72962239,9.202545274,9.337323957,10.63072934,-0.883062251,0.542578085,2.213121618,-3.402927114,-2.086472985,20.23521486,14.59855873,24.21411302,22.91582423,16.04423723,8.030248019,3.783740472,4.246323428,4.183649166,5.885226839,4.243624156,8.058757808,10.02552823
-6.964267786,-7.91644573,-7.513581164,-2.245949753,-2.003100881,-8.338668747,-25.92030364,-19.37350835,-5.981266051,-6.714247144,-7.263130105,-11.89034895,-12.82820923,-8.759083008,-8.104954652,-9.736461427,-11.13636186,-7.925396074,-7.185264311,-28.71801568,-15.588394,-1.917966603,-6.016961292,-6.246550857,-8.283746934,-9.535313868,-2.198261269,-2.566502933,-3.370371862,0.864021227,3.570732868,-3.701014023,-6.591048053,-3.626397043,-7.420422535,-1.791471558,-10.91189171,-4.545678277,-3.919968759,-5.445716294,-5.370316071,-3.277104622,-2.626380253,-1.608299309,-5.225889015,-2.605540249,1.852113548,5.188613621,4.835725748,5.524179741,3.212468979,-0.715999039,0.642341271,-2.171826844,-3.696701021,-4.531444257,-1.293933241,1.200248809,1.701680812,1.230439781,-7.524005752,-9.99738876,-9.143938737,-9.319075547,-9.382176732,5.79386973,-0.741970088,5.359957628,3.644861683,-1.516698265,-9.726284933,0.003052025,0.050312388,-1.656119205,-13.42539148,-4.491617279,-0.341118958,0.537408987
-0.445487171,-2.106645381,-3.545029725,1.003185932,4.697066227,-0.326234921,-11.41907479,-6.096372381,1.669439575,-4.200111307,-3.441942143,-3.297840678,-8.586767534,-6.106465846,4.913340852,0.271336484,-1.99519822,1.594394176,-0.577858384,-8.11166064,-5.197245204,3.240478402,1.310927356,-3.984872405,-0.8320158,-3.165684497,4.256848599,4.080100872,2.900964503,4.997397829,8.586341572,1.327925229,1.603379904,2.108786037,0.469638559,1.90823215,1.856905302,1.972709228,1.334665129,2.040092175,1.006344017,1.389077189,2.243267963,3.042619124,0.029562339,0.356245245,8.118737315,8.13593855,8.363022297,8.656487213,8.656498087,2.651646467,3.642229831,2.500030764,1.247156662,1.889626643,7.067046419,5.670512853,5.434912762,6.316403451,-4.158631437,-5.592990948,-4.842845236,-6.629056634,-5.037397973,10.41978207,6.018991629,14.45698983,13.81410429,8.491840348,-0.621437339,1.898300197,1.879935192,1.456476394,0.664203129,0.587909272,3.505577916,4.401093932
0.576286693,-2.641958746,-4.09820208,0.89582713,4.483040447,-0.592904704,-11.86592833,-5.504127265,3.228893909,-4.496469166,-4.038846469,-3.201504542,-8.497442602,-6.24495014,5.786270992,0.503772292,-1.400855231,2.059905764,-1.362717574,-6.385662672,-4.997521093,3.128292206,1.00859794,-4.021182881,-0.446154907,-2.965138,4.267683431,4.245242151,3.202381385,4.701755102,9.399647204,0.726659896,0.750014765,1.947140867,0.026698997,1.500992155,2.536181099,1.786037578,1.100023008,2.232547803,1.218743995,1.18903764,1.440909537,3.339118224,0.457148128,0.246301032,7.66003457,7.83645972,7.848370549,8.130845802,8.556490613,2.480216887,3.276420741,2.791680016,1.738247145,2.322336814,7.257915844,6.039829268,5.525115758,6.607481564,-3.547327132,-5.432552092,-5.550665626,-6.661476062,-4.501599965,10.22836455,6.430049086,13.09047706,13.93919357,9.306172332,0.135231034,1.895141573,1.862684133,1.532536894,0.895112893,0.887807874,3.452097262,4.325771039
2.827614402,3.056658106,2.433677073,1.520873422,3.678723062,4.094309287,6.612393397,8.264566777,3.915112674,1.408022018,2.524346944,3.537111591,2.425765533,2.138109868,5.753642671,5.644120792,3.338049956,5.582224938,3.880985955,6.241344735,4.733657757,2.663343949,4.218978084,1.56367833,3.887732874,2.618837104,3.201189998,2.840600011,2.587884855,2.677157294,2.511845038,3.2640745,3.675441712,2.795825854,4.152645218,3.070915649,4.224160787,2.703809184,4.012766172,3.091814346,2.864616137,2.083297123,2.567662213,2.291162242,2.01532538,1.71460467,2.886334694,1.597507866,1.968338892,1.850443341,1.965610863,2.06470334,1.543661665,1.782790491,2.300811261,2.352245634,3.007294416,2.018883342,2.082473108,2.086380411,2.171559474,2.527998759,2.845909221,1.464653174,1.980493121,3.506475309,3.757111773,5.251566808,5.061128661,4.441155652,4.228061274,0.853472713,1.115525178,1.464932516,3.870196981,2.295741589,1.921244145,2.344817308
0.197604179,0.09972135,0.101150451,0.641340768,0.896522929,1.158157357,0.49371612,0.671854825,0.878424712,0.135134315,0.071471142,0.157380607,0.161585463,0.093941493,0.811123526,0.599560464,0.620266912,0.743638217,0.83347196,1.032411653,0.697206219,0.360016307,1.396674681,0.142288704,0.352678616,0.090228938,0.209851589,0.126738264,0.188892076,0.109913761,0.167826002,0.632051659,0.668729478,1.263059925,0.943708285,0.697439578,0.905830792,1.434877498,1.112992703,1.067055572,1.347220173,0.166527094,0.181629387,0.110145041,0.157835746,0.135387352,0.513901616,0.401563731,0.610411207,0.452964031,0.477610139,0.269831155,0.201895673,0.190157489,0.475323467,0.527560466,0.897030566,0.419536419,0.513319983,0.563595995,0.638696126,0.314337195,0.468900992,0.414778741,0.200387263,0.433116799,0.382002085,0.454449312,0.412557706,0.491693213,0.998540703,0.141175271,0.271386164,0.283255596,0.908625733,0.4943736,0.45307001,0.405887361
-1.164248333,-2.215112237,-2.862974579,4.706506354,10.83489085,5.213008574,13.62546476,21.21392241,6.391590822,0.550319433,-6.441602519,-3.237889061,-4.202050031,-5.663310555,14.36182325,7.284122635,6.462544412,14.92577213,8.546823692,8.797522064,8.769756656,9.578512441,12.80385602,2.599471807,8.123608434,2.672274349,10.13992647,11.22616776,6.802168985,10.45363086,10.7045122,3.391341711,2.655562723,4.243735211,4.341210032,2.436725564,4.620097776,5.374596466,1.466400173,5.974320987,3.593654342,4.80289806,10.54836229,6.902231006,5.336585412,8.955510994,10.48365607,10.70870457,10.61629893,10.00875035,10.16042324,6.743097753,4.389532499,4.733485787,4.58495875,5.645344239,10.53778039,8.797757758,7.021817702,9.555311338,1.809597815,0.386208931,3.209874955,4.165172618,0.573273969,21.91027145,10.9804533,18.71284883,23.11222123,17.35147695,27.73156292,2.003312872,2.740263711,5.505890111,4.403333487,3.18414233,3.869628841,7.524698761
-13.03458266,-12.73432588,-14.18193115,-3.547743378,-1.433321931,-1.252302067,-11.47652319,-8.332658471,-3.301233331,-15.71302835,-12.58197752,-18.32176904,-13.87098797,-18.10636301,-3.609920921,-12.0770517,-12.53823619,-14.47578977,-6.592056986,-14.03561748,-11.31525382,-0.372951214,-4.915043298,-5.087252922,-5.141444972,-6.631730221,-2.903453196,-1.76731768,-2.720720653,-0.15313108,-0.751845868,-7.765897906,-10.89549638,-7.926155894,-8.817520137,-9.227765422,-8.735092095,-8.167392218,-11.41618443,-4.386215271,-8.441692476,-1.813016789,-2.924880533,-0.988395513,-1.064331989,-0.036376047,0.803264681,-0.487177141,1.164755061,3.461496479,2.330569115,-0.66765095,-0.154495245,-2.174395893,-2.058080564,-1.753325489,0.032238995,0.915502098,0.943483413,1.304768387,-7.692230598,-9.300442679,-8.151756542,-7.489538452,-3.943623495,4.500167257,0.19497176,-0.89870327,-0.508443183,2.250315237,1.443599647,-1.395117466,-1.721940325,-2.706550535,-13.2542006,-5.678201853,-3.061695755,-3.163009178
-5.123306213,-6.638029136,-9.209481588,0.851329765,4.667817948,2.075998249,-0.928342917,4.351360867,0.768905642,-9.431633904,-9.303784565,-8.72109823,-9.228622896,-11.81959114,2.600187263,-1.385079292,-3.142275173,0.730173256,1.431766773,-1.471169245,-2.054123857,4.30510176,2.224951316,-0.825603069,0.539404493,-1.36018474,4.379573146,4.825017472,2.584723087,4.278392581,6.407025979,-2.108082907,-2.614395475,-1.24249789,-3.690366379,-3.132107379,-1.029837828,-1.406923018,-1.757856178,0.665690569,-1.319797652,1.707659038,3.142731988,3.093907782,1.908509946,2.792576958,6.444997965,6.861883419,6.455237151,7.096123303,7.285936323,1.869964029,2.480372236,1.758215296,1.372972551,1.911807131,6.297923249,5.500596363,4.471039397,5.011171631,-1.559547159,-3.877970992,-1.218370921,-1.793249337,-1.428797845,13.98472491,5.35364737,9.662746308,15.20826461,7.729098771,9.89985413,0.075633809,0.402048284,1.450074,-0.264733751,-0.620798713,0.912180992,1.879308739
-5.254564598,-6.656136068,-9.229291009,1.235607406,4.402650847,2.482519383,-1.06411011,2.827678006,0.12825371,-10.31514148,-9.289325836,-7.869162524,-9.444806193,-12.08909669,1.769882557,-1.063900868,-2.95254927,0.721965723,0.518743118,-0.614256758,-2.282786573,4.035751178,1.844419595,-0.449040078,0.849991702,-1.060393129,4.613533093,4.601626849,2.669238653,3.919970878,7.563933878,-2.397352166,-2.404811316,-1.181842669,-3.528857303,-2.940792173,-1.26281504,-1.323089225,-0.737642581,0.803769492,-0.187901305,1.808270454,3.085109555,3.504469001,1.71156989,2.297732293,6.978934395,7.116444149,6.378498969,6.716640832,7.425666382,1.454718679,2.641081187,2.270714915,1.291436438,2.286420373,6.171228361,5.994925767,4.092614969,5.133298508,-1.490237092,-3.962202881,-0.746489182,-1.819423937,-1.720661745,13.95188191,5.756330041,10.17793334,16.8293328,6.111311125,8.155224067,-0.038993135,0.25933949,1.326801664,0.623226525,-0.350175092,1.034863153,1.968059752
3.013596751,2.754090152,2.701805612,1.863810096,3.557218166,1.871705281,6.951851126,7.426297456,2.838855082,3.291942933,1.539141954,4.187107678,2.547823835,3.445686533,4.149842181,4.543970821,4.64814655,6.260116262,4.442714739,5.406311861,4.607790728,2.632901553,4.222371296,1.724586282,3.204869751,2.362301181,3.260276855,2.875509645,2.2363016,2.856976878,3.101757807,2.728603594,3.346781463,2.699695954,3.332599993,3.43673532,3.368063755,3.285303826,2.911716439,2.332364992,3.568130163,1.701952725,2.655453267,2.007030329,1.974454036,2.191120458,2.454180094,2.233891008,2.049131136,1.682326719,1.894215536,1.826854109,1.351361105,1.724623166,1.759059887,2.073537481,2.341912845,2.046897438,1.823125454,1.836881168,2.238187949,2.28329745,2.830302274,2.591541063,1.043783244,4.187204758,3.56859046,5.477138561,5.641422145,4.963436407,6.726479501,0.91134559,1.171988917,1.95387817,3.678980712,2.113427188,1.585080501,2.443641709
0.197604179,0.09972135,0.101150451,0.641340768,0.896522929,1.158157357,0.49371612,0.671854825,0.878424712,0.135134315,0.071471142,0.157380607,0.161585463,0.093941493,0.811123526,0.599560464,0.620266912,0.743638217,0.83347196,1.032411653,0.697206219,0.360016307,1.396674681,0.142288704,0.352678616,0.090228938,0.209851589,0.126738264,0.188892076,0.109913761,0.167826002,0.632051659,0.668729478,1.263059925,0.943708285,0.697439578,0.905830792,1.434877498,1.112992703,1.067055572,1.347220173,0.166527094,0.181629387,0.110145041,0.157835746,0.135387352,0.513901616,0.401563731,0.610411207,0.452964031,0.477610139,0.269831155,0.201895673,0.190157489,0.475323467,0.527560466,0.897030566,0.419536419,0.513319983,0.563595995,0.638696126,0.314337195,0.468900992,0.414778741,0.200387263,0.433116799,0.382002085,0.454449312,0.412557706,0.491693213,0.998540703,0.141175271,0.271386164,0.283255596,0.908625733,0.4943736,0.45307001,0.405887361
2.562155412,-0.633949328,2.173727358,3.480606219,10.05178715,4.396647793,9.72635618,17.43589365,4.685705966,1.512386625,1.476101091,3.022139566,2.728764377,-0.232594796,9.043248351,3.95826453,8.468057269,6.751677168,7.100872633,0.962720757,12.13409761,8.6416566,16.12174981,5.394571536,10.82515434,5.373620176,9.588602987,10.38049025,7.333559746,9.703916463,9.315007334,3.996105694,7.45793871,7.715149897,5.777311638,7.16364864,7.271037821,5.300984242,6.183354002,12.711753,7.178797076,5.403331868,7.290974363,6.418201429,6.777368798,6.24258605,9.576594903,9.317620636,9.182697709,8.867700096,9.574391914,5.545466139,3.267553739,3.894189556,4.591994796,5.333446376,8.401358849,8.074569182,7.137689909,8.59369742,0.226213051,-1.505271389,-1.677578437,0.901161266,-0.136864661,6.209840759,0.715312296,6.982292575,4.756878042,8.25992503,13.5586331,1.827012782,1.833322808,6.178932965,2.708088163,3.236886349,3.62684084,3.840730868
-6.935705442,-8.473495769,-8.186518624,-1.9586975,-2.085629541,-12.44211236,-21.87769433,-5.727334282,-7.747219563,-6.583398551,-6.059154034,-9.068739632,-8.997607327,-9.594826739,-14.66019261,-7.798585328,-13.79098332,-10.91616422,-5.479837442,-18.58152561,-16.27800179,1.387763874,-0.072629799,-0.768554335,-2.406104764,-1.723365034,-5.695814391,-2.230564644,-2.131918366,-5.173966689,-0.8862338,-6.026716394,-7.169807264,-5.27268456,-7.792899173,-8.714306963,-4.685836287,-2.826710937,-2.269439937,-0.64887613,-2.924449026,-3.956174364,-0.939887346,-4.073038848,-0.937968643,-0.105916503,0.67318522,3.131617243,3.603287907,4.491572227,2.485768148,-1.318054732,-0.825549211,-2.408248632,-1.426573944,-2.872514,0.343398035,1.666931919,0.32446732,1.728936811,-7.911098276,-12.26277485,-9.971482187,-10.04790538,-5.667648501,-4.511550455,-10.14530957,-10.96214052,-6.266574325,-8.273722854,-13.54395598,-2.393025035,-2.420712082,-3.388294599,-7.830783767,-5.261239061,-4.233743907,-3.783385918
-3.499884906,-6.266073746,-3.443414725,0.581173079,4.433526517,-4.795322516,-1.734180082,5.134995862,-1.014456775,-3.11935177,-2.584934927,-1.328153695,-4.132109874,-6.141949918,-1.035280741,-2.77786182,-3.215440842,-1.58770286,0.021130198,-5.316549622,-1.528027567,4.762367706,4.183471208,2.885810574,2.006991851,1.322485748,4.501132032,4.200600028,1.054182459,2.742239245,4.888563905,-0.362647503,0.5109214,1.270900804,-1.012463246,-0.619619876,1.478589096,1.394652042,1.258186182,3.49034907,1.975556473,0.012116238,2.272266902,1.651956037,2.200610699,2.632032352,5.919283152,6.256619436,5.983580072,6.630177775,6.592851844,1.283052401,1.626741067,1.196297212,1.166581361,2.143024897,5.271091565,5.218396952,3.783458985,3.929457054,-3.809666489,-6.455742835,-4.792075174,-5.682875081,-2.906001322,1.459543561,-3.69844851,-2.123758822,1.120541225,-1.033692245,-1.17548669,-0.696595615,-0.330190606,1.289954138,-0.174464367,-0.828198579,-0.76092988,-0.236211968
-4.091293745,-6.520099454,-3.793411676,0.910505714,4.074118866,-3.669350128,-0.630224604,5.058151824,-1.284334326,-2.893931039,-2.27439055,-0.856972635,-3.936523359,-6.854972646,-0.287367957,-3.39449537,-3.205447445,-1.741506365,-0.203672912,-5.724302066,-1.976569013,4.641969025,2.758600137,2.960619444,1.843912821,1.479234425,5.491576862,4.100574963,0.477700572,2.837016234,5.422491322,-0.290030626,0.666387569,1.250227953,-1.241290797,-0.497782405,1.11261746,1.737366452,1.492444378,3.110112692,2.579687218,0.080599941,2.364968193,0.915570642,2.452592668,2.566080414,6.74330109,6.341454756,5.910844622,6.308097638,6.561465241,1.152070543,1.773647653,1.343676748,1.11068668,2.062897611,5.253676071,5.381340549,3.402018136,3.826220636,-3.922749878,-6.110286059,-4.492138004,-5.609480092,-2.816157239,1.136749868,-3.490188505,-2.573417063,1.696363003,-2.224097237,-1.667781417,-0.855480433,-0.540594692,1.177099372,0.513556106,-0.424131171,-0.896686412,0.027826698
2.322467938,1.718857663,2.920919475,1.507645074,3.292970011,5.307370385,7.07809213,6.242681393,3.640555602,2.417787799,1.814025704,2.728651622,2.907881847,2.725228552,5.434825959,3.242932609,5.096563493,4.217115408,3.252389314,4.87079529,6.324804023,2.146875311,4.13372476,1.894900233,3.168492225,2.301939158,3.65693491,2.822211467,2.512391634,3.364433376,2.84600927,3.058477698,3.529849192,2.86531354,3.347697981,3.467962585,3.135704947,2.165282117,2.29316738,2.834966847,2.767609722,2.154416312,1.864410556,2.495647559,2.008486554,1.651067488,2.429223022,1.337076805,1.468754113,1.343808007,1.686834618,1.621919612,1.207480674,1.586800873,1.575049666,2.280839604,1.843360827,1.776459475,1.917448161,1.616593484,2.749503207,2.240766468,2.208231598,2.501103899,1.675946073,2.811631023,3.064052752,5.035140774,2.887799805,4.698943246,6.556707646,1.048888668,1.360899107,2.063820781,2.467986871,2.294126169,1.708081955,2.540607989
0.197604179,0.09972135,0.101150451,0.641340768,0.896522929,1.158157357,0.49371612,0.671854825,0.878424712,0.135134315,0.071471142,0.157380607,0.161585463,0.093941493,0.811123526,0.599560464,0.620266912,0.743638217,0.83347196,1.032411653,0.697206219,0.360016307,1.396674681,0.142288704,0.352678616,0.090228938,0.209851589,0.126738264,0.188892076,0.109913761,0.167826002,0.632051659,0.668729478,1.263059925,0.943708285,0.697439578,0.905830792,1.434877498,1.112992703,1.067055572,1.347220173,0.166527094,0.181629387,0.110145041,0.157835746,0.135387352,0.513901616,0.401563731,0.610411207,0.452964031,0.477610139,0.269831155,0.201895673,0.190157489,0.475323467,0.527560466,0.897030566,0.419536419,0.513319983,0.563595995,0.638696126,0.314337195,0.468900992,0.414778741,0.200387263,0.433116799,0.382002085,0.454449312,0.412557706,0.491693213,0.998540703,0.141175271,0.271386164,0.283255596,0.908625733,0.4943736,0.45307001,0.405887361
0.925439009,-2.111713488,2.916305016,2.774788148,9.26689163,1.742849727,4.937372293,7.759793679,2.189241854,1.087072335,-0.595410796,4.659499358,2.786559355,-0.068890661,5.771948305,2.132608876,0.154960891,6.200515178,1.298009001,8.784597709,9.308676259,6.480354315,16.57569878,3.98621624,7.533417359,4.179913903,7.854528237,5.692800637,3.435967792,8.449836742,9.428306989,3.93043418,6.172718285,5.688948903,3.802829224,2.888942586,4.192453471,3.867913953,4.283008792,7.069460609,4.71145245,6.968373034,5.961773529,7.220746082,8.072252671,4.898487941,12.13235495,7.797187686,12.08544795,7.494013623,8.429683823,4.532405069,2.916022802,3.077718942,3.081601568,4.437198781,6.742227839,6.623705908,7.359676769,7.647092227,2.493337215,-0.370713808,-0.704744406,0.115898053,1.966314704,4.0834686,-1.263190174,4.410136337,-1.503160548,4.603039316,26.0995568,0.692329674,0.980139392,3.266494346,2.290891467,4.119995333,3.201721857,4.070883466
-6.378126023,-9.557817879,-8.473258797,-2.255422587,-0.818211674,-9.899783851,-11.95676692,-7.143954599,-4.202340166,-6.093648687,-5.837870542,-4.739822172,-8.729464549,-7.366342286,-17.46134584,-13.1638455,-13.65424167,-9.872507089,-10.78634179,-10.52111656,-14.06633819,-1.344144416,-0.510700281,-3.101772131,-3.767722575,-3.40100569,-3.599695097,-3.863715523,-5.321556022,-5.841237983,-1.980649745,-5.036284532,-5.912073775,-5.425151751,-7.998909375,-5.999808481,-4.558868476,-7.242612006,-4.164339159,-1.795444845,-3.636753727,-3.865756942,-2.132857373,-4.198939897,-0.128485954,-1.521023068,1.524867895,1.512110813,3.018759265,3.524704789,2.29268857,-1.649012643,-0.785381176,-3.291028459,-2.509717125,-3.241589978,-1.775326042,0.64270888,-0.021366721,0.917761343,-7.399204978,-9.737481954,-9.362568441,-10.77370392,-5.159826647,-13.77211736,-10.11936717,-15.94171977,-14.63454163,-9.51310961,-1.033782512,-3.392505049,-3.616885228,-3.357438681,-4.250807014,-3.315819207,-6.591466175,-4.288379387
-2.840054894,-6.461143191,-2.431424475,0.746145321,4.316632555,-2.777047623,-1.994788587,1.042993069,-0.387686446,-2.57699218,-2.97714536,0.502887391,-4.117128458,-3.330773218,-4.488802714,-4.621992755,-5.100080927,-4.222690438,-2.918714602,-0.8668611,-5.302346143,3.467667386,3.215929926,1.301615098,0.658594472,-0.102219899,3.593252145,2.090185031,-0.14501546,0.941168518,3.405693968,0.460318644,1.23479815,0.681695574,-0.76212401,-0.485919951,0.316495189,0.161715412,0.224114711,1.974497262,0.506578704,0.455924211,2.106394503,2.292088112,2.721216836,1.899242838,6.459803106,5.073497517,5.804597287,5.30841112,5.54423658,0.951730006,1.085489901,0.727026138,0.556469514,1.369002444,3.968483414,4.679227492,3.190591909,2.970006867,-2.55433607,-4.714493494,-3.948252574,-4.822103761,-2.187104776,-5.429820475,-4.74444677,-5.390664476,-6.409494166,-3.85753344,10.9043821,-1.856201826,-1.291250064,0.552481894,-0.286707356,-0.670108692,-1.376861439,-0.877283221
-2.661117366,-6.384796453,-1.438770448,1.03325367,3.62859619,-2.842094472,-1.03741426,0.737987089,-0.633910649,-2.314280712,-3.025466955,0.672465657,-4.447264041,-3.540325067,-4.534089475,-4.802303091,-4.614768842,-4.587481806,-2.620235194,-0.550772661,-5.756352157,3.560634612,2.605728323,1.87114214,0.30741239,0.111039846,3.682473418,2.307724009,-0.172637313,0.281249159,3.379001734,1.230031374,1.473221141,1.045526693,0.232739028,0.016446434,0.953243861,0.783604818,0.274179757,1.64007835,1.007558645,0.60661601,1.986038908,2.56526638,2.607237571,1.763284161,6.56402418,5.189822522,5.479916228,5.323444052,5.542348087,1.251593884,1.077819596,0.820926539,0.189019125,1.417820472,4.302825668,4.995824843,3.134838898,2.740166323,-2.74493119,-4.603408519,-3.985839317,-4.318217579,-2.372043872,-5.880085558,-4.025287147,-6.042391105,-6.661282888,-4.836460918,11.2239197,-2.01692719,-1.447052964,0.80805578,0.017688853,-1.247084226,-1.340312304,-1.55055242
2.163822835,1.975909077,3.428034451,1.308326649,2.816716883,2.963210916,4.290624291,4.592015201,1.880994333,1.778646284,1.423186002,2.725290891,2.563686491,2.105914691,5.031802493,3.296645553,4.12073395,3.64060514,2.918989345,4.725111489,5.708631927,1.858074386,3.725909614,2.140391385,2.740829982,2.336180751,2.824494976,2.435278024,2.64317943,3.167190522,3.018431038,2.495832752,3.320855698,2.643670473,3.019494314,2.454323508,2.540805643,2.40228233,2.239641572,2.179305494,2.163892044,2.641812116,2.061152087,2.666221877,1.874655473,1.590071308,2.270673326,1.494605466,2.004142216,1.229178022,1.2306416,1.476471917,1.128724846,1.497107291,1.374415419,2.006607995,1.74270751,1.619379222,2.01940507,1.486246545,2.837364516,2.189769079,2.343602302,2.674722373,2.104337941,4.613091682,3.068255093,5.344760084,2.946146106,3.756396986,7.142316558,1.033532005,1.389132561,1.848984847,1.771248459,2.097000437,1.90733509,2.430073904
0.197604179,0.09972135,0.101150451,0.641340768,0.896522929,1.158157357,0.49371612,0.671854825,0.878424712,0.135134315,0.071471142,0.157380607,0.161585463,0.093941493,0.811123526,0.599560464,0.620266912,0.743638217,0.83347196,1.032411653,0.697206219,0.360016307,1.396674681,0.142288704,0.352678616,0.090228938,0.209851589,0.126738264,0.188892076,0.109913761,0.167826002,0.632051659,0.668729478,1.263059925,0.943708285,0.697439578,0.905830792,1.434877498,1.112992703,1.067055572,1.347220173,0.166527094,0.181629387,0.110145041,0.157835746,0.135387352,0.513901616,0.401563731,0.610411207,0.452964031,0.477610139,0.269831155,0.201895673,0.190157489,0.475323467,0.527560466,0.897030566,0.419536419,0.513319983,0.563595995,0.638696126,0.314337195,0.468900992,0.414778741,0.200387263,0.433116799,0.382002085,0.454449312,0.412557706,0.491693213,0.998540703,0.141175271,0.271386164,0.283255596,0.908625733,0.4943736,0.45307001,0.405887361
6.619926174,4.530289434,5.83469927,3.956731759,9.155466638,10.16624006,8.866343434,14.38112575,6.527170152,7.887055626,4.268640815,6.768658644,8.390005926,4.498999019,0.946077226,2.124891061,0.118273033,2.128487221,1.466391716,2.169175446,4.679234906,6.028967743,12.41352756,1.956781788,4.977054881,1.729256892,7.024019274,5.955024192,5.5639705,6.721483308,9.485293107,4.990620743,6.536513801,3.24842821,3.94751649,2.108052907,3.242579989,5.802107168,3.552156244,6.795788342,4.218250074,5.79946156,6.608130839,9.74612965,6.112004213,5.342004765,9.205427103,6.792502242,6.592101586,6.394032046,7.401062725,3.771391409,2.727989635,2.687264894,1.950338266,2.793940566,5.405990875,6.612878332,7.216529935,6.707465233,5.078186681,3.393778195,4.149542624,4.691093199,3.5868728,7.1990849,5.766820182,4.605416094,8.769514228,5.001255474,4.440560009,-1.698655813,-0.551667202,3.31595237,3.409490776,4.575064952,2.173762625,6.029333764
0.551815934,-3.987408617,-3.403124215,-0.408291417,1.012394358,-6.633299359,-6.231018846,-4.313366349,-3.205695806,-5.2316444,-3.429266909,-0.634469332,-2.272874667,-1.163887923,-12.67790999,-11.37767228,-18.70689005,-12.61736325,-10.24764343,-15.07628029,-14.38095414,-3.462454739,-5.156610761,-6.500927006,-4.641203024,-6.459608135,-2.741505552,-3.907745773,-4.800017613,-4.418410639,-2.544526708,-6.022539561,-6.358583013,-3.967195608,-7.57179222,-4.855287529,-9.21839361,-5.597179261,-3.108931177,-4.376367111,-5.333926147,-1.985362401,-0.68186128,-0.830203073,0.021161048,-1.414644379,1.057956017,-2.004971146,-3.962983235,1.885697182,0.914826862,-1.676309263,-1.150229263,-3.507398848,-3.433604125,-3.654661103,-3.988781257,-0.222012142,-0.531517774,-0.099645415,-4.505351568,-5.362640737,-3.300991362,-4.769579687,-3.641438988,-7.152872054,-4.670916749,-8.539663985,-4.662195652,-4.522554084,-9.526723056,-4.867259135,-5.509546355,-2.866233099,-2.856068557,-3.479450711,-5.911856724,-3.077839424
2.871276976,0.37852973,0.45144271,1.512865357,4.312118823,1.711019963,1.458194319,3.503520532,0.471638255,-0.300244345,1.028292557,3.308210999,1.680831074,1.067563611,-5.310778757,-5.035080295,-5.179413134,-3.981601913,-3.813370031,-5.422740719,-3.072314979,1.180492038,0.757396951,-1.568450114,-0.287148032,-2.183192843,3.14493767,1.221843139,0.402157867,0.20385775,3.366481692,-0.367054925,0.344902717,-0.275324669,-0.435488737,-1.398164292,0.282461369,-0.406012477,-0.03689644,0.725963438,0.166455801,2.488468429,3.347722151,4.110794389,3.417916961,2.226520233,4.425579879,3.998667513,4.03548593,4.348945463,4.521644787,0.844818697,0.770411545,0.390651117,-0.052609867,0.380355614,2.79578929,3.928038116,2.640318249,2.328507581,0.675127465,-0.074355144,0.695282213,0.711059492,0.415108663,-0.443816597,0.432605311,-0.377320635,-0.372407042,0.448306232,-3.045379366,-3.584688862,-2.569192331,0.427962518,0.388776639,0.393981271,-0.714754584,0.076289452
2.868691664,0.050289889,-0.014042988,1.356442087,3.658397479,1.576094214,1.946507723,5.018013877,0.507251907,-0.729092547,1.313080509,3.048316111,1.608565599,1.092754355,-4.840540053,-5.009936406,-4.741545667,-4.057915001,-3.723915034,-5.024091678,-3.139013905,1.241431097,1.232478535,-1.592932852,-0.117067303,-1.892804306,3.54856034,1.507468977,0.635185903,0.275083237,3.700363751,-0.065840043,0.870482759,-0.06340756,-0.106478108,-1.213926819,0.72364656,-0.149093431,0.202371954,0.240898647,0.148964228,2.718689104,3.46080036,4.253327847,3.461705435,1.629795491,4.555717692,4.092027438,4.277423267,4.488954485,4.48784226,1.118297689,0.6877083,0.464975793,-0.097985966,0.667716607,2.983467596,4.071295535,2.842004066,2.120029094,0.434947661,0.241966317,0.996580163,0.953146668,0.264444161,-0.755896622,0.761474428,-0.504326051,-1.217071912,0.695790471,-1.919736791,-3.463667895,-2.585360911,0.474515252,0.618416588,0.654756229,-0.057072547,-0.378675345
1.604214412,2.215487943,2.318972045,1.079828032,2.443133803,4.596545481,4.299520911,5.101989878,2.049984372,2.569040242,1.704663851,1.792240896,2.115936335,1.31108384,3.899785858,2.972409734,4.688119364,3.986067379,2.672667932,4.280632458,5.234809325,2.320356647,3.533625657,2.208463292,2.674232796,2.661749806,2.128536306,3.009646223,2.442607184,3.138399894,2.953323537,2.678447346,3.160403298,2.282756002,2.888571006,1.863322981,2.770683078,2.788789989,2.199517473,2.612464941,1.992526251,2.099221504,2.201373947,2.637105063,1.663929602,1.90996782,2.083191373,1.824997154,2.155265695,1.238351949,1.399902179,1.401908749,1.153782054,1.420760975,1.410483814,1.692010109,1.866203637,1.661935124,2.051813575,1.384300912,2.267093576,2.137441057,2.013684563,2.235259567,1.814852449,4.113953042,3.084512557,2.999297542,3.39549611,2.455405961,4.271044044,0.725914508,1.268493442,1.674827399,1.823345296,1.882246794,1.958559477,2.42954418
0.197604179,0.09972135,0.101150451,0.641340768,0.896522929,1.158157357,0.49371612,0.671854825,0.878424712,0.135134315,0.071471142,0.157380607,0.161585463,0.093941493,0.811123526,0.599560464,0.620266912,0.743638217,0.83347196,1.032411653,0.697206219,0.360016307,1.396674681,0.142288704,0.352678616,0.090228938,0.209851589,0.126738264,0.188892076,0.109913761,0.167826002,0.632051659,0.668729478,1.263059925,0.943708285,0.697439578,0.905830792,1.434877498,1.112992703,1.067055572,1.347220173,0.166527094,0.181629387,0.110145041,0.157835746,0.135387352,0.513901616,0.401563731,0.610411207,0.452964031,0.477610139,0.269831155,0.201895673,0.190157489,0.475323467,0.527560466,0.897030566,0.419536419,0.513319983,0.563595995,0.638696126,0.314337195,0.468900992,0.414778741,0.200387263,0.433116799,0.382002085,0.454449312,0.412557706,0.491693213,0.998540703,0.141175271,0.271386164,0.283255596,0.908625733,0.4943736,0.45307001,0.405887361
